x,y
-2.95602,0.128894
3.19736,0.0184486
-1.12361,-3.47561
3.16433,-1.76147
1.56754,-0.86419
-0.0800263,2.72685
-2.04429,2.85889
0.34238,2.40005
0.644278,-0.0473701
-0.963456,0.080739
-3.65314,0.705154
2.7057,-1.55931
0.557282,0.993854
-1.50801,-2.0575
-0.792939,-0.158677
1.46594,3.09428
0.101066,-3.71702
-2.23657,-2.34556
2.09067,2.51532
-1.86923,0.854999
0.897876,0.502748
3.6512,0.124334
2.22142,-1.38334
-0.357445,0.203116
1.33591,0.219174
0.199486,-1.05002
-1.21382,2.57203
-2.7129,-1.48843
1.95574,-3.10579
1.04639,-2.88396
1.82306,2.28646
0.736062,-0.448196
1.14515,-1.19537
0.850039,-1.4161
1.41635,-2.6801
0.435342,-2.43359
1.2876,-0.623875
-0.746435,3.26453
-0.548973,-2.68715
2.53625,-1.21204
-2.27186,2.04702
1.06135,2.50796
1.50471,-0.9184
-0.600702,-2.50855
2.51136,2.76824
1.78475,-1.75526
1.42228,-1.53136
-2.66202,-1.8747
1.60058,-1.29294
0.876533,-3.76746
-0.509245,-1.29041
-3.80323,0.781774
0.390085,2.28003
0.328395,-2.04454
1.59058,3.13699
3.23616,-0.00318445
-0.923485,-1.08575
1.06581,0.573008
1.83484,-1.39201
-0.316433,-1.34906
-1.11368,-0.327338
-2.12256,1.21328
-2.98187,-1.58369
-0.0488373,-0.104532
3.50267,-0.19959
0.681838,0.689236
1.59297,-1.70018
0.667684,-0.0780165
1.24523,3.10488
1.2092,-0.231632
-3.39449,-1.09075
-1.48636,0.744712
1.49669,1.96142
-0.344621,3.05022
0.905544,2.56216
1.99653,2.15336
1.72369,-1.84441
-1.73299,-2.54028
-0.61986,-1.93145
2.07856,0.292193
1.59383,-2.20677
-0.326782,-3.36726
2.66432,0.594243
-0.549149,-0.611515
1.33117,-0.969555
-2.34965,1.68847
-0.192397,-1.93187
-0.532143,-0.632852
1.41924,-3.28003
-3.7286,0.722627
3.40819,-1.04065
-2.39963,0.697477
-1.18689,-3.49497
2.01636,2.82735
-1.62292,1.54399
0.95373,-2.85262
2.8661,-0.286705
-0.943901,0.0756527
1.25323,1.57871
-1.6048,-1.86815
1.99436,-2.80547
0.373821,1.0001
2.77272,-1.96736
1.6983,1.03811
-0.112711,0.12746
-2.07459,-2.76208
0.097567,1.80433
1.87313,2.3728
-1.46745,1.36115
1.16788,-0.297414
0.459515,-1.75613
3.04301,-0.0837419
0.730953,1.08373
0.0412401,-3.38942
-0.194363,2.97851
-1.32581,1.20223
0.0410713,3.29759
0.217892,-0.84842
2.30434,-2.1897
1.18249,0.175614
2.15994,-1.31033
-0.313778,0.607081
3.4143,-0.198788
-3.08541,-0.239588
1.77783,0.8669
0.222463,3.0007
-1.89365,1.22644
0.275652,-3.48052
1.35554,3.50584
1.1868,-0.849715
-1.12399,1.84882
-0.462543,-3.78757
1.6079,-2.5642
-2.10143,-2.74192
-0.178725,0.49386
0.929305,-2.80453
0.515437,3.33041
0.886463,2.58695
-0.215272,1.9266
1.70237,0.114379
-3.29292,0.0670454
0.181391,-2.93515
3.15625,0.655376
0.284722,-3.69273
3.48079,0.244234
-0.68783,-0.955148
2.18205,3.02064
-0.882677,-1.02056
-0.554109,0.849234
3.48546,1.50145
-0.283101,-0.025234
3.00692,1.34696
-0.574462,2.90927
-1.61318,2.99259
-0.0899679,-0.467939
-2.15106,-1.51095
-3.09832,-1.43469
0.0995792,-4.05905
1.49059,-1.916
-0.728222,-1.57154
-0.719537,-2.95047
-1.23931,3.1941
1.53943,-1.79925
1.13036,1.19774
1.66334,2.93798
0.463506,2.32375
-1.68225,-0.965487
2.9336,1.67672
1.43118,1.71182
-0.775477,-1.86213
-0.219215,0.42488
-1.01851,-3.22541
-0.0198819,-2.88055
1.2885,2.3131
1.0626,-2.87818
1.91157,2.12204
1.26186,0.876648
-0.103796,2.48961
0.29725,1.06567
2.78018,0.823707
-1.60788,1.94944
-0.747854,-0.159309
0.838499,0.999654
-2.92357,1.4393
-0.928987,2.78697
-1.26107,3.00444
3.36437,1.31787
-0.331534,3.64797
-1.95608,2.86328
1.45881,-1.88592
0.363627,1.73466
-0.305291,-1.5659
-1.19349,1.66041
0.168947,3.31927
-3.49379,-0.454618
-2.64237,-0.999096
1.28172,-1.02053
-2.27698,2.61935
2.68265,-1.169
-1.70724,0.937277
2.78421,1.06754
-1.93267,-2.221
-0.583348,-2.99908
2.32461,1.31344
-0.156333,1.6335
-1.75307,-0.803274
2.72853,-1.33885
-2.7826,-2.3739
2.70257,1.97181
1.54292,-3.12353
2.62423,0.768409
2.50979,-0.526487
-2.67147,2.05252
1.93624,-0.546862
-2.11105,-1.81735
3.23376,1.80814
0.294768,1.74631
1.16892,3.21308
1.48214,2.77186
-2.39844,1.73579
-0.359557,0.596985
-2.39928,-2.94581
0.321569,-1.48691
-0.960019,0.907711
3.44679,-0.233072
-2.81097,-2.00355
-3.29791,1.07224
0.327992,-1.97266
0.0233562,-0.223296
1.25375,-3.1022
0.21895,1.42671
-1.33716,-3.21547
-2.83459,-1.62794
1.1671,1.52435
0.749835,0.980312
-1.17009,1.98025
0.610588,-0.325188
0.307862,-2.22902
-1.75507,-1.9448
-1.33156,1.9914
1.06963,2.62463
-0.530992,-2.10395
0.33964,1.13549
-1.77928,2.11022
-3.54199,0.310262
3.02696,-0.589644
-2.88726,-2.18933
-3.13605,-1.26562
3.58469,-0.427522
-0.301307,2.27466
0.660542,3.41096
2.37899,-0.64157
1.45646,-2.3801
2.75135,-1.79889
1.93969,-2.24866
2.26637,2.04394
1.55283,0.404391
1.35587,-1.10513
-2.54333,-2.96633
-0.708512,-3.784
-3.02226,-0.540533
0.727191,-0.51266
-1.73089,0.328622
1.75243,-1.98546
0.744032,-1.81543
-2.18994,-2.71694
-0.129149,-3.75175
1.26804,-1.81999
2.07661,0.610381
-0.854735,1.13389
-3.11353,0.0291054
3.38732,1.49821
-0.930654,-3.38537
2.48666,-2.47315
-0.906797,-2.23478
-1.44543,2.81497
-2.19876,-3.13996
-0.238853,1.90405
1.25716,0.212127
2.71415,2.35742
-2.54701,0.508505
-2.03799,-0.434513
-2.40846,0.163945
-2.20339,-1.11467
-0.283087,-2.00216
1.26561,-2.25415
1.18969,3.66763
-1.09925,2.34653
-1.53443,1.00937
0.766508,0.0299665
-0.628782,3.3107
-0.10646,-3.2134
-1.57695,-0.00911386
-0.839349,2.75231
3.28323,0.7427
-2.86913,1.92346
1.29232,-3.40036
1.49468,-0.353818
-2.2099,-0.588424
-0.0417045,-2.25379
1.96547,-1.11277
0.28896,-2.59912
1.44778,-1.25525
-0.54489,-1.83296
1.18467,-2.81576
-2.93884,-0.947147
-1.61367,1.9963
-2.03761,-0.163376
-1.87588,0.0843498
-0.875543,-1.47503
-1.83492,-3.09163
-2.66739,2.00128
0.420846,3.01082
-2.27218,0.157658
0.196918,1.85904
-2.66554,2.15639
1.08817,2.32452
-1.3812,0.872902
-0.310935,0.376619
-3.08364,-1.58389
1.07021,-0.920412
-0.766999,3.33131
-0.417317,0.935169
3.46517,-1.25256
1.50823,-2.95847
2.03703,-0.661497
-1.95847,0.810381
-2.69244,0.409453
0.681016,-3.57832
-0.35789,-2.83778
-0.407137,-1.80713
-2.39185,-0.998275
-0.673246,0.467751
-0.806923,1.39723
-2.7708,-1.06841
-2.08949,-3.08124
2.93839,2.02106
0.339184,-3.33042
0.397247,1.24494
2.73019,-0.821265
1.41927,-1.10804
0.538206,0.154382
0.622575,-2.63051
2.9475,-0.418587
-3.16712,0.212533
-1.02757,-3.12847
1.94999,-1.48412
0.522467,-3.06241
-2.86988,-0.176096
-1.59936,-0.50168
2.48891,2.82639
2.7802,0.668588
1.89527,-0.44193
2.3939,2.16054
2.89323,2.28914
-2.71772,1.96529
2.56664,-1.60606
1.97378,1.48038
1.62361,1.91968
0.488422,-3.93716
2.05588,2.18063
0.891495,-3.67738
-2.20594,-2.62514
0.278501,-0.648471
3.73481,-0.742517
-0.479581,-1.71497
-1.36606,-1.31664
-0.124426,2.58576
-1.61681,-1.75912
2.15582,2.64771
1.68391,1.60999
0.2212,0.797983
0.632963,0.657747
0.0240625,1.04084
1.29549,-0.824448
1.03581,-0.0206369
0.661319,2.59628
1.30931,-0.306063
1.30698,-0.913588
1.2045,1.82895
1.25495,2.78264
0.25553,-1.85707
3.44634,0.307711
1.64558,-0.508442
1.58982,1.25035
1.4905,3.55844
1.65941,-2.64312
1.92412,-1.76983
1.16841,-1.50606
1.00595,-1.32774
-2.49411,-0.959185
0.851012,-1.95425
2.56894,-1.878
0.819618,3.56523
2.32223,-1.03826
1.60046,0.241767
0.44959,-1.56403
2.27839,2.57872
0.376899,-2.57812
2.78472,1.3564
1.43646,-3.42043
2.28958,2.85768
-0.230177,-3.77195
0.535557,1.44134
-0.58156,2.03673
1.59726,2.12389
-0.376661,1.34769
0.680983,0.467667
-0.843162,-3.58153
-0.888324,2.56741
-2.40627,0.734098
-2.33083,-2.13525
1.62204,-0.916667
0.456034,-0.433237
-1.08474,-0.334128
1.7606,0.0444488
-0.996032,2.14557
3.1918,1.99893
1.42653,2.61525
2.06509,3.24813
-1.03103,0.652721
2.15116,1.81332
2.26378,1.99153
2.47467,0.796947
0.128083,-2.04981
-0.373602,-3.13601
1.70946,3.65302
2.74243,-2.40504
-1.91603,-2.92631
1.2038,-3.46128
-2.46027,0.585721
3.00565,-2.16533
1.64131,2.96147
-2.30046,-3.11575
-0.227673,-0.117394
-2.69819,0.978758
-0.412064,-3.54666
-1.54018,-3.02043
1.42764,3.22032
-2.11873,-1.32141
2.21999,1.94801
3.48701,0.168715
-0.645152,2.66493
1.28658,-2.1579
-1.39499,2.43662
-1.62429,-1.18892
2.27211,1.76144
-0.894204,-0.845789
-2.15337,2.27406
2.82706,-1.3481
-0.663367,1.04497
0.40511,-1.25491
3.3503,0.946416
1.90917,0.0505056
-0.441346,-1.04002
1.0978,-1.47793
-0.915533,-3.53088
-0.799767,3.30289
3.31069,1.7132
-2.25727,-1.59988
0.0226655,1.28943
2.40614,-0.376534
2.58696,-0.574187
-0.743622,1.41299
1.73645,2.72732
-1.86487,2.81882
0.708977,1.62613
0.135744,-1.35541
-0.510086,-2.67132
-2.85902,-0.511818
2.84958,-0.854017
0.391272,-1.34154
-1.8252,2.04055
0.788893,-3.15277
0.930169,-3.14115
-2.63592,-0.798072
-1.23198,2.41928
2.71041,0.169386
1.78903,-1.11422
1.31085,-2.20208
-1.32518,-2.87912
-1.72656,1.86644
3.46369,-0.245412
3.13531,-0.462783
2.08667,-0.415354
2.85567,2.0074
-0.183766,2.75641
2.25135,2.61299
-0.305983,-2.23916
-0.708798,0.108515
-3.46321,0.0712609
0.126253,-3.10037
2.23941,1.8088
2.70134,2.50238
-0.632677,3.28049
2.92823,-0.559797
1.84962,-2.03568
-2.12641,0.735812
1.55292,-1.40364
-0.0400596,0.523606
0.929175,0.976824
-1.88377,-0.203595
-2.19814,-1.18184
0.256241,2.88557
0.00537318,2.74876
0.792479,-2.76631
-1.46769,-0.0449829
-0.673054,1.6765
-1.04458,-3.48385
-0.778868,2.70592
-1.77591,1.18788
1.18392,-2.42994
-2.91726,1.70658
-2.47849,-0.0550699
-0.0767162,-1.33623
-2.2174,-1.42127
-2.43947,0.925729
-1.94785,0.814563
1.3905,-2.90707
3.67657,-0.539561
1.81056,-2.29859
0.723376,-0.296788
3.174,0.239981
-2.85074,1.28128
1.84913,1.51286
2.33057,2.27162
1.33718,-0.424635
-0.159874,1.51426
1.96074,-0.305485
-1.30442,-3.12795
-1.05393,-0.107279
0.985305,0.105495
1.21898,-3.44125
-1.26692,1.15466
-1.71469,-0.335698
-1.68342,1.79945
2.34662,-0.624226
2.82265,1.95182
0.0108883,-1.3841
0.282775,-1.48314
2.42308,-2.24819
-0.761483,1.93502
-3.23078,1.03104
-0.326076,0.742543
0.751994,0.0561505
-1.28873,2.76294
2.55743,-1.49936
0.855242,3.49411
-2.03498,1.59814
2.25996,2.95062
-0.409586,-0.216235
2.22576,0.0990841
0.82611,0.498336
-0.23821,-2.27317
-1.31016,-3.57043
2.53953,-2.04655
0.480712,-3.24374
1.36371,-2.2315
1.67188,-1.65166
-1.23149,1.63679
-0.02867,-1.3724
-1.59862,-3.18905
0.214637,2.75303
1.85877,1.54678
0.585046,-1.26602
-3.20834,-0.260252
0.766976,2.31706
2.8773,-0.931049
2.04898,-1.4757
-1.52979,-2.81983
0.789685,2.79672
-2.51121,-0.286544
1.90183,-0.748929
0.877637,3.19325
1.85986,-2.33268
2.45314,0.969017
-2.61335,0.386772
-0.998704,0.680644
1.82163,0.922173
1.43135,3.5476
1.24991,-1.30014
0.85748,1.1961
-0.707314,-2.74843
-0.0579009,-2.02901
1.8045,-0.044357
1.11648,-0.758691
0.829045,-2.0447
0.414406,-0.697285
-2.97862,-0.163846
-3.12128,-1.04989
3.16947,1.53936
-1.62722,-0.28682
3.18687,0.716455
-1.83765,2.00148
-1.1549,0.579691
-0.535799,1.79354
-1.1077,-1.83075
2.54255,0.382404
1.94246,-0.487131
-2.98167,0.439425
-1.56718,0.781922
-0.28667,-3.82955
-1.59783,-1.78245
2.58535,-0.534663
-0.497834,-3.24242
1.77366,2.34675
2.56209,2.19171
3.80056,-0.422136
-2.2303,0.869798
1.55489,1.87607
0.199626,1.2177
-0.192823,0.240606
0.336846,2.95797
3.42974,-1.32685
-2.25146,2.42806
0.469571,-3.95004
-1.88098,-2.97902
3.08271,2.23671
1.87327,1.64322
-0.85393,1.48403
2.57487,1.90554
-2.57415,1.14344
-1.82105,-0.103301
-2.17414,-0.0852194
-3.28368,0.610368
0.61458,-3.4909
0.0323456,-2.95297
-0.645832,-0.584466
1.74353,-0.182389
0.461538,-1.66664
1.41861,-2.37342
-2.29203,-2.82013
3.17766,0.364072
0.863475,-2.82125
0.728373,2.36168
-0.930938,-2.69378
-0.118152,2.25464
2.52036,1.28744
-2.90284,0.447806
2.96821,2.32089
-1.66748,2.48818
-1.12398,-0.823406
1.15249,-0.369192
3.2235,0.742055
0.118745,3.57644
2.52378,-0.313488
1.49091,-1.11481
0.905227,2.34225
0.672462,1.42415
1.56477,-0.367584
-2.73536,0.232279
-3.43733,-0.11143
3.32505,1.00419
-0.260727,-1.19548
1.45368,3.10578
0.13925,-1.81175
1.74875,1.04284
1.57242,1.59977
0.376299,-0.218322
-1.03597,-1.97955
2.77641,0.134808
0.855057,-1.58614
-2.99354,1.57785
-0.853434,2.96569
0.799758,-1.22003
-2.15629,2.15856
-3.48534,-0.508929
-2.71021,1.88282
-2.04263,-3.13937
-1.35285,0.0567548
0.882351,1.06112
-2.82694,-1.6638
1.51163,-0.0603571
3.04208,1.55555
-0.826048,-2.48108
-3.73803,0.532791
1.91894,2.92894
1.05828,0.943334
2.65544,1.66474
0.828215,1.6221
-1.80268,1.04614
-0.0209313,2.76651
-0.240412,2.98054
3.45157,-0.799908
-0.495407,2.61456
0.313211,-3.8588
2.54501,-0.410445
0.311825,0.990921
3.11154,1.89491
-3.66517,0.436439
0.429059,2.98845
0.592797,0.174193
2.05355,-2.63461
-2.21267,-2.11835
2.42613,2.87977
-0.264192,1.01704
-1.02859,1.56391
-1.08708,-2.44342
-2.94138,-2.2153
0.286103,-2.2258
-1.20251,-0.360671
-2.41245,1.60979
1.82106,-2.55661
0.886931,-0.362206
0.320181,2.45296
-0.948706,2.24686
-1.39114,-3.15507
2.35306,-1.68483
-1.77293,2.6985
-1.56578,2.70607
2.10447,0.855808
1.34541,-1.01553
-3.10772,-0.815335
1.79526,-1.48053
0.918657,0.178012
-1.16503,1.77934
-2.15443,-2.63018
-3.4687,-0.500643
0.147502,2.64169
0.0831532,0.334512
1.40661,1.35306
1.07564,1.27194
1.11544,0.846036
2.87959,0.562312
-0.826195,-2.98208
3.42864,-1.64066
0.894756,2.2074
1.7659,-1.3885
-3.472,-0.0883727
3.32494,-0.672698
-0.763695,-2.75108
2.62726,-2.38613
-1.27575,3.17102
2.23455,2.39294
1.31051,-2.09237
-0.0731694,3.75182
-1.042,0.843636
0.160046,-1.91667
2.21227,2.94908
2.99019,0.847546
3.30291,1.17411
-0.381648,1.16798
-3.58382,0.829072
-0.0937421,-3.99226
-0.381958,-0.634728
0.279215,-0.965498
1.2543,-0.982798
2.39442,-1.15318
-0.411901,0.681844
-0.452578,-3.11974
-0.39431,3.34032
-2.20748,-0.64525
1.42118,-0.83668
-0.966691,-1.98845
1.55377,2.22753
-0.7408,-0.0836479
-1.22014,-0.479049
-1.9705,2.29958
-3.0664,1.22061
-0.0574578,-2.49445
2.5301,-1.15195
-2.98693,0.879533
0.72088,-0.16641
1.02849,-0.69599
1.75289,-1.5292
-2.43308,0.841838
-0.706693,-3.47475
2.90259,-1.00112
1.03775,3.2086
-2.48904,-2.41006
-0.056699,0.0544843
1.07897,-1.57191
0.609379,2.92317
-1.60233,0.112131
1.33625,-1.86555
1.73808,-1.46211
-2.59535,-1.68568
-0.513685,-0.175598
0.74265,-1.28675
-0.0384154,3.24933
0.2262,3.679
3.34779,-1.47191
3.42045,0.162885
-0.157736,-2.95698
-1.17047,-3.25882
-0.796051,-1.12262
0.748871,-0.721177
0.562479,-0.0249848
-1.4336,1.29419
2.98819,2.16801
-3.26177,0.821682
-1.35857,2.99482
1.00838,-3.34752
-1.14976,2.40329
-0.602645,-0.0985959
0.925418,0.811334
-1.04626,-3.34868
-3.27114,-0.39048
3.09185,-1.52534
-0.170966,-1.54274
-0.15915,-0.572289
-1.20165,-0.459887
-1.55085,2.86379
-0.25257,0.464136
-1.53408,1.6402
1.48668,-1.99271
1.82412,-2.06992
-1.9215,1.07876
1.62139,-3.18345
-1.50454,-0.692061
1.75662,-3.18536
-1.26774,-0.973289
-1.97784,-0.719301
-0.28833,1.16834
3.35343,0.750358
0.299297,-3.71946
-1.69475,-3.42077
-3.49482,0.121215
0.949133,-0.538002
-0.754801,0.7453
-2.04679,-2.23487
-0.998558,2.44142
0.956425,-2.83984
2.16486,0.355149
3.31556,-1.02782
-1.26208,0.0493034
3.70456,0.22515
-0.367554,-2.73758
2.98228,-0.454252
-1.41567,0.476382
0.770601,2.08857
1.58919,-1.4861
-2.70199,2.14696
-3.25514,0.58995
-0.610682,-1.41348
-3.11971,-0.0162244
3.31137,-0.938953
-0.454685,2.17023
2.17389,-1.43298
-0.313888,-0.564878
2.27419,-0.018163
1.56571,-0.893907
-1.03319,-2.45382
1.1759,2.92322
-1.39058,-2.53778
2.19299,0.500665
-0.421553,3.38433
1.62088,-1.7354
-1.93093,2.65195
-0.284197,2.00941
-1.87022,2.69193
1.35664,0.920329
0.56098,-3.18472
-2.86464,-1.18453
2.0642,-1.81708
-0.0987449,0.900424
1.62832,-2.6075
2.22536,1.50794
1.70956,2.87691
0.438106,-3.08769
-0.59276,-2.7678
-1.85199,-1.54346
2.18238,2.93287
-0.288026,-3.04675
1.68799,2.85164
-1.88195,2.39782
-3.19597,0.776113
0.418145,-2.19811
-1.09917,0.148655
1.91326,3.43215
1.24313,-0.580994
2.30154,-0.0935061
0.752215,3.44735
2.2908,-2.47255
2.68248,1.32361
0.634715,0.704073
-1.76392,-3.21696
0.0615994,-3.26066
-2.20319,2.65794
-2.96102,1.8135
3.23496,-1.42212
0.292187,-3.08437
-2.98837,-2.05753
-1.05053,1.24575
2.44233,2.42358
-0.0690884,-3.12472
-0.809368,1.47185
-0.410794,3.02995
1.53486,-0.0491917
3.73288,0.279636
-1.64238,1.98795
0.148463,-2.88008
0.560681,1.87103
-3.7869,0.743267
-0.572779,3.09079
-2.78221,0.416436
2.15019,-0.718798
-1.46789,-2.54513
2.7073,-0.630014
-2.49078,1.93144
0.730487,-2.05
2.94848,-1.01887
-1.89908,-1.95165
-1.99889,-3.11778
2.29864,0.950353
0.594801,-3.6103
1.36441,2.88839
1.05654,-1.87048
-1.69697,0.767366
0.37322,1.42201
2.3266,2.34359
3.15258,-1.97289
-1.54012,-1.42119
2.88879,0.519395
-3.02614,-0.624697
1.87897,-1.3925
1.36252,-3.33392
-0.361874,2.20055
-0.505696,2.02875
1.36021,1.02219
3.47435,-1.08135
-3.51909,1.07272
-1.30478,-3.10951
0.569712,2.07587
-3.22434,0.779837
-2.67658,0.990767
-3.0754,-1.24253
0.206954,0.345663
-1.88154,0.461642
2.8438,-1.2589
0.244535,-3.81386
-1.56937,0.675905
-3.16116,-0.179215
-1.40482,-0.113533
-2.52171,1.64096
0.610936,1.06353
0.751837,-3.56967
-3.46097,0.450773
2.79557,0.646607
1.91011,-2.40102
3.83347,-1.17161
-1.09853,0.07149
3.47047,0.379634
0.549616,2.81216
2.53208,-1.88462
-1.48194,1.52518
-3.01541,-1.20162
0.387855,0.97816
2.93353,-0.975414
-2.81337,1.95854
2.94781,1.23284
-0.217084,-1.87102
3.17384,0.236196
3.61618,0.621207
0.694642,2.68766
1.00261,3.63755
-0.472957,-2.93844
1.99531,0.737382
-3.21639,1.17468
-3.60575,0.968418
-2.43789,1.63363
-1.02608,-2.14872
0.558831,0.289256
-0.777427,-0.414557
0.537448,-0.35554
-1.03932,2.03942
-1.01859,1.72983
1.17732,3.50018
-1.06167,1.82016
-1.68573,0.742749
-2.25608,-0.36647
2.91258,2.29233
1.92851,1.15197
2.22867,-0.595797
0.6605,0.402562
-2.51724,0.337292
-3.43177,-0.343891
1.53331,0.0472197
-0.297276,-0.755041
1.93044,-0.429101
-0.394759,-1.6005
1.4624,0.0761832
2.72902,2.17847
-1.17442,-0.169944
-0.0151778,-1.83264
0.165246,-2.97089
2.43704,-1.10253
-0.543275,2.89327
-1.00228,-1.54399
-1.29306,-3.0357
1.93588,-0.796481
0.893065,-0.367295
-3.27216,1.0298
-1.83675,-1.16634
-1.99808,-2.88465
1.74282,-3.12931
0.0155036,-0.28114
3.01882,2.18452
-2.21252,-1.71002
2.29499,-2.80373
2.49366,1.52291
1.8156,-3.0729
1.88756,1.01916
-1.04041,0.256436
-2.36831,0.577502
2.91826,-1.2743
0.534438,-0.695887
0.167686,1.70099
-0.888632,1.03055
3.46616,1.50648
0.056037,0.757029
1.18575,-0.309384
-2.27818,-2.64665
-1.39589,0.893759
0.450358,3.68338
3.56863,-0.364228
0.042468,0.410636
0.869819,3.66573
-0.947508,0.2217
-0.71368,2.58701
-1.11897,0.911714
-1.23648,-0.23386
2.03276,-0.630838
0.783143,2.78535
1.17635,2.81884
-0.0110651,-2.97964
-0.800639,2.66422
-1.29572,-0.86793
0.594453,-0.673287
-0.358881,0.574403
1.93143,-0.588042
1.31797,-0.576824
-0.795816,-3.33197
0.761607,3.22792
-0.777636,-0.576775
-2.23568,1.66143
2.39027,-1.73821
2.42364,0.62128
-0.769308,1.17736
-0.0778963,-3.20701
-1.0811,-0.340052
1.12882,-0.720871
0.329786,-3.93045
2.29162,1.62202
2.15933,-2.97407
1.55977,1.347
1.32746,0.708152
0.349837,3.21104
-0.894206,1.77772
1.80477,-1.51831
-1.17871,2.5265
1.45354,-0.887446
-0.846851,-0.405079
0.662724,-0.497168
-0.779857,-1.06377
-1.90559,-2.86514
2.05746,0.000114849
-3.21837,0.0382207
-2.56,-0.557637
-2.56217,2.13316
-0.627166,-1.2278
1.75688,1.97035
-0.0858087,-1.1472
1.45338,-0.848047
2.38678,2.82527
0.52628,-0.891782
-1.27581,-1.8637
1.01367,-2.576
-1.25736,2.45539
3.0102,0.789623
-2.70052,-2.76364
-0.250098,-0.68226
-1.60648,1.95719
-1.75307,2.82685
2.55868,-2.44863
1.82791,-3.14467
-2.21939,1.1495
1.97997,-0.322403
0.606369,0.245802
-0.497639,-2.01674
-0.774653,3.26679
-2.30602,1.32018
-0.413238,-0.899236
1.38874,-0.537473
-2.07165,2.42825
0.476416,-2.45154
-2.16795,-0.665969
1.34526,-2.28768
1.67,1.31623
1.30399,3.37075
0.839828,1.71262
0.636525,2.16313
-3.45933,1.18215
-3.45176,0.702179
-3.24686,0.668478
1.48462,0.732705
-2.3933,1.3826
-1.77074,2.32372
-2.61716,2.01093
1.87956,2.95511
-3.43105,0.453047
0.0396878,0.157163
2.95261,-0.597542
-0.76896,-2.22044
-1.4533,-0.475458
0.0307768,3.66592
3.12092,0.573927
1.29029,-0.635908
-2.55671,2.3403
-2.32872,-1.60879
3.71753,-0.113164
0.834485,3.13865
0.0146191,0.722868
1.48444,2.10929
0.884646,2.44898
2.07003,-0.149638
0.614369,-3.87854
-2.08577,-2.95008
1.14468,3.15693
-2.74386,0.0991521
0.24327,-3.70379
-1.06285,0.61355
1.31166,2.29647
-0.148648,-0.0741124
-0.940375,-3.65552
1.22175,-0.445755
3.33903,0.575136
2.80846,1.04454
0.327289,-1.65822
3.71458,0.235142
-0.568423,-3.31131
0.235749,-3.14772
0.508964,-3.25575
-0.760027,-0.933744
2.64126,1.31899
-0.0966712,3.54163
1.93163,1.04036
2.78919,1.40805
1.70619,1.97697
0.0373119,-0.534771
0.266925,2.73034
2.04641,-0.170221
-1.57481,-2.74241
2.82026,-2.24154
1.20311,1.45595
1.39141,-1.08401
2.90087,2.14818
3.17881,-0.483538
-2.63171,2.17338
-1.45015,0.831439
-1.36967,-1.3804
-0.958885,0.440139
-1.13205,-1.13484
2.05709,-1.67665
1.41581,-1.19825
0.124015,2.70099
-2.51238,-1.33678
-1.07333,-1.55622
1.73389,2.90415
-2.65498,-2.09466
3.10026,-0.219724
-0.804198,-2.2284
-1.59634,-2.63079
-0.513148,1.07578
2.27985,-1.37972
-0.282946,0.730587
-1.255,2.14743
2.45504,-1.28206
0.789376,-2.84718
-1.13287,1.51194
-2.01057,1.04771
0.392673,-0.213684
-0.860384,-2.27218
1.55963,-0.253125
-1.14507,-2.61862
-2.07415,-1.96741
1.26502,2.08343
0.0382392,2.17618
-2.10447,0.813248
0.180054,-0.0106659
0.0195544,0.277992
1.44073,-2.90481
1.44177,-2.92016
-1.76531,0.227442
2.18838,-2.6782
0.748323,-2.54035
-2.54357,1.25622
-0.855373,-2.21223
0.22604,2.97462
2.88139,-1.49485
-3.09451,0.847146
-2.81183,-0.413363
1.82389,1.43597
-2.4516,-1.67282
-1.03316,0.264423
-0.477816,-1.42173
-1.80175,1.3595
-0.892619,2.42936
1.5167,2.3891
3.01418,-1.0258
-3.7369,0.824582
0.690628,2.16139
-0.421517,1.35061
0.3257,-0.38974
1.07958,0.695938
3.47444,-0.60309
0.235981,-3.24034
1.98893,-1.95962
1.6087,-0.604796
2.01838,-0.902676
-0.0273921,-3.87126
0.0825067,-3.09144
-1.15171,-2.79163
-1.04619,-3.29751
0.929316,0.365277
0.563085,-3.17516
-0.907878,1.19758
-2.43903,-0.310116
-0.76514,-0.023613
-2.99579,0.0713062
1.55455,1.56002
1.4005,1.32897
-0.878221,-0.534493
0.472147,3.37647
1.07352,-1.87216
-0.904144,0.559517
3.78933,-0.722635
-2.13269,0.648925
2.22741,-2.43477
2.24814,-2.77923
1.79944,1.97796
0.888802,-1.56245
-2.42837,-0.0469658
1.07363,2.39928
-3.39718,-0.252405
1.97665,2.87655
2.07214,2.64352
-1.27872,2.86908
3.58804,-0.942707
-1.23978,0.61976
-2.57152,1.98645
-2.03669,-0.330723
-3.57547,1.16892
-1.3041,1.6126
-3.23803,-0.441199
0.202361,1.77365
1.5492,-0.293677
-0.800734,0.447371
-2.39209,-0.477396
-0.277689,1.03896
-1.23033,-1.95791
2.18732,-0.833516
-0.485547,3.05516
1.6503,0.0903688
-1.5991,1.34061
-0.430239,-3.69161
-0.752595,-2.24111
0.83357,1.29715
2.65882,-2.55916
-0.649148,0.991232
-2.03931,-1.762
-2.70807,-0.344869
-0.336308,-2.57358
0.477005,1.87952
0.136353,-3.90851
0.250538,-1.49605
-0.380796,-1.43652
-2.91781,0.186491
0.191979,-1.55255
0.561948,3.3825
1.99818,-1.79748
-3.2813,0.366514
1.80046,-1.78705
0.799017,-2.71053
-0.822293,-0.90614
-0.727996,0.57167
3.34719,-0.691557
-2.43418,-0.669858
-0.40993,3.1399
-2.58913,-1.46482
1.64826,-2.21777
-2.8593,-1.19439
-0.392225,-0.938034
-1.64283,2.32694
0.25785,2.41987
0.106625,-3.05834
-0.567695,2.98146
0.353021,-2.1871
2.25167,-2.57277
1.16704,3.14687
-0.288636,2.2175
0.974863,0.969384
-2.37119,-1.43701
1.84498,0.720059
1.6131,-1.23442
3.12185,-0.339997
1.93927,-1.65686
-0.529091,-3.43147
-2.61629,-2.81751
2.23384,2.1512
2.32105,0.628376
1.23442,2.84995
2.36595,2.57283
1.34345,-2.40031
1.70812,3.60041
2.97521,2.21055
0.530738,-2.2149
-2.87643,0.945363
-1.70112,0.581704
1.39389,0.328368
2.00825,-3.26183
1.11185,-2.30753
-1.43824,-1.91537
2.50921,-1.63634
-0.14855,-3.66914
2.10591,1.88298
-3.28171,1.10414
-0.997997,-0.623979
3.51014,1.34481
-3.6098,0.950745
-1.41063,-3.42461
-0.290046,-0.716237
1.46478,2.4994
-2.14333,1.12604
2.52475,-0.879009
1.26656,-2.24226
-2.09939,1.70707
0.948458,-0.914407
2.57678,-2.02786
2.02979,-2.62251
-2.33681,0.870486
1.87132,-0.849301
-1.08366,1.22663
0.128582,-0.981153
-3.21323,0.976199
3.5887,0.281238
3.07296,-0.628406
1.66527,-0.0402453
1.36492,3.13075
-3.52641,0.954927
1.89569,-3.16336
2.85176,-1.1957
1.21322,2.17264
2.45324,-2.42907
0.970018,0.25796
-0.0102206,0.508798
2.09184,2.79392
0.861986,-0.792476
-2.94773,-1.8597
2.37865,-2.90809
-0.273434,-2.48527
1.39021,0.313917
-1.35215,1.97453
-2.24019,0.217239
3.02201,-2.05517
-1.12792,-3.09679
-1.82384,-1.31198
-1.83758,-0.935485
-0.990639,-3.24081
-1.57346,2.28507
2.91759,2.49677
1.07154,-2.19626
-3.52346,0.621109
-2.354,-2.453
-1.17435,2.36753
-2.7028,0.291054
-3.39481,0.479222
0.317054,-0.0928832
3.44253,1.36321
2.30791,0.206831
-1.17593,2.00499
-1.12279,1.56328
-1.50152,-1.48783
-1.11748,-3.43716
-3.36141,0.797882
2.8519,2.14552
-0.409844,-2.22087
0.296798,-1.09803
0.398435,1.27552
-2.25381,0.967489
2.55337,2.82601
-0.177641,-2.3823
2.38291,-2.10617
3.22041,0.382721
-1.04143,-1.28299
-0.528658,-0.226424
1.1306,-1.63898
2.58133,-2.15026
-3.32556,-0.7059
-2.15472,2.46898
-2.52855,-2.06094
1.66453,-0.969757
2.79827,-2.18522
2.37927,0.915984
1.51171,-0.244335
-1.43265,-1.10164
1.44129,-3.46469
-1.47819,0.984574
0.724522,1.28409
0.22955,3.59335
1.88651,-1.8449
-0.338854,-2.94485
-3.17983,0.0053549
-1.15476,1.96121
-2.55647,-2.60704
-2.53688,-0.659016
0.106056,0.352036
-0.356331,2.6125
-3.0538,-1.98642
-0.875541,-2.36242
1.42739,-0.438586
1.39948,-0.671179
0.681577,-2.844
-0.177416,3.47922
1.80751,2.39079
0.584611,-2.71893
2.13948,1.8711
-0.461755,0.784592
1.27146,0.642608
-1.79726,-2.67445
-0.839154,3.13377
-2.14287,-1.31937
0.889403,-2.19473
1.89576,2.60892
-1.56018,1.05462
-1.7611,0.785384
-1.2417,-3.06939
1.06214,-1.07692
-0.765719,1.23057
0.328522,2.37334
2.47111,1.11036
-2.56964,2.01627
-2.51812,-2.52159
0.25949,1.34618
-1.52891,-2.41063
-0.947369,2.9683
-1.5504,2.89349
2.66464,-0.538869
-2.01768,-0.161119
2.63631,0.163457
-0.0960551,0.684172
1.1171,1.70215
1.65189,2.63439
0.830557,2.09334
1.98935,-3.09302
-2.69014,0.64235
-1.21316,3.17305
-3.01687,-1.5411
-1.37365,2.33659
0.29278,2.6842
-1.19274,0.201159
1.59401,-1.7617
0.0174106,1.76279
0.567415,2.20898
0.860218,0.928719
-0.221299,-3.39837
0.852066,-2.11091
-0.174145,-1.28527
-0.934882,-1.64802
1.31738,-2.38241
1.78403,3.49684
-1.09417,-0.162587
-0.32131,-2.06994
1.61401,-0.658117
-0.727592,1.53769
0.0114312,-0.213999
-0.269209,-0.248402
-1.72503,-0.283163
-0.887775,0.0704773
-0.833411,-0.979881
0.880377,2.90276
-0.352225,-3.58939
3.60865,-1.29453
1.97224,1.45742
0.343815,1.1774
-1.16129,0.483465
0.957235,2.08672
0.548844,-0.375466
-0.631702,-1.09768
-3.31196,0.133824
0.983156,-1.6159
0.0760072,3.23125
-2.69045,-0.274703
0.0330937,-1.76571
-0.111206,1.11688
-1.47344,-1.32575
1.67062,3.25853
-0.913752,-2.31157
-0.233945,1.82077
-0.538725,2.99904
0.498622,-2.99109
-0.45935,2.27057
-1.6982,0.137168
1.8176,0.877551
2.50775,1.53863
3.40467,1.31457
1.38734,-1.13809
2.05291,-0.480151
-0.987504,-2.8991
-0.318185,2.26605
0.171187,-0.258165
2.87784,-1.16814
-1.59053,0.266077
2.43507,-1.82123
0.0570455,-0.723884
-1.23652,-3.49978
-1.79563,-1.40297
3.35421,0.902706
1.1967,2.00361
3.89596,-1.06955
0.642465,-2.12466
1.93745,0.968218
0.261722,2.844
1.56081,-1.23085
-0.232197,-1.55068
2.90612,-1.17833
-2.13997,-1.51901
1.14955,0.905312
-1.47203,2.39005
-0.817818,-0.518097
2.11058,-2.97248
-1.06197,0.995816
-0.972885,0.918239
-1.22079,-0.0443105
-0.442742,-3.85182
2.49042,-0.00174691
-1.51988,-3.30157
-1.06375,-1.63121
-1.48097,2.76725
3.65014,-0.710555
3.11428,1.18497
-2.46227,-2.53659
-0.576357,-0.713347
1.11686,3.21267
2.30284,-1.39312
-0.209203,0.314566
1.88061,-2.08996
-2.78678,0.816726
2.84477,1.02238
0.596235,0.368362
1.36606,1.51699
-2.7446,1.85312
-2.00546,2.33964
0.64128,-1.66041
2.78489,-2.3467
1.80563,-1.32226
-2.1354,-1.2658
1.98303,-1.2084
-0.834153,-1.88492
1.07611,1.07699
-0.364037,-0.173364
-0.444309,2.05318
-1.52037,2.98466
-0.111915,0.0386992
0.547504,-1.253
-2.07901,-2.22996
-0.0839855,-2.54886
-1.92027,-0.247075
0.17637,-0.731103
1.51893,-0.690538
-2.62256,-0.231344
3.7466,0.0545014
-2.15806,0.84147
-0.0150872,-2.95942
0.486768,1.93703
-0.177667,-0.327077
-0.37043,0.0512737
0.102549,0.0130762
0.0399243,-1.20745
0.498632,1.42988
-2.3405,2.54713
-1.65357,-0.447974
-3.42292,-0.0686134
1.95967,-3.24189
-0.0968852,1.9212
-1.16474,-2.76717
1.86287,2.19493
1.94793,-2.59599
2.49364,-0.913652
-0.748934,1.38465
2.3813,-1.0489
3.40677,-0.82521
3.29778,1.91654
-2.60477,0.548293
1.23125,1.95783
2.0192,2.42545
-1.62289,-3.33008
2.18271,-2.04814
-2.15254,-1.38139
-2.27072,-1.44557
0.691641,3.30406
-2.16382,-2.75823
3.41887,-0.0909265
-0.941451,-0.424895
-1.41701,0.323912
-1.79711,1.04571
0.667079,-0.377678
0.75113,2.37384
-2.54696,2.17897
1.88965,2.78468
1.71843,-0.0786841
-0.709681,1.02823
-0.360878,0.370967
-3.16209,-0.176021
-0.134584,2.58319
-2.43776,2.17416
3.24527,1.87302
-1.80584,1.10386
-1.66754,1.24378
2.96595,1.22334
-0.168568,-3.86807
0.69581,-1.60501
-0.90058,-1.47324
-2.5076,-1.85584
-2.36932,-0.0258211
2.95189,-0.948241
-2.19508,0.33823
0.998354,0.0728694
1.0267,-2.04386
0.959668,1.15409
1.66738,-1.69068
-1.95719,1.11299
-0.646156,-1.10973
1.04993,3.09725
-2.96686,-0.835261
0.329882,3.21497
-0.816226,-0.649101
-2.87194,-0.563725
0.793541,0.596878
-1.7714,-3.07771
3.37817,-0.391693
2.01507,1.22586
0.0762941,-3.74499
0.377477,1.65069
2.521,2.43546
2.94526,0.851937
-2.45021,2.36857
0.0450186,1.3792
-1.71466,2.97688
2.77933,0.792646
0.181153,-3.43139
2.95897,2.3531
-0.963821,-2.48953
-0.257271,3.31573
3.72162,-0.242538
-1.32562,-3.07753
0.687753,1.89608
-2.63235,0.525366
2.144,-1.12505
-1.62096,0.371881
-1.01481,-1.95481
-1.56323,-2.5807
-1.34519,-2.95509
-0.14933,-3.97343
2.94794,2.12824
0.629866,0.309496
0.398213,-3.02044
-2.96314,-0.648194
-2.98461,-0.13978
3.01975,2.33443
1.21245,3.39381
1.35356,1.93586
-1.35446,1.45983
-0.133607,3.72589
-1.38907,-1.20979
-1.78601,-3.0494
1.56009,2.81767
2.17753,1.0061
-2.5311,0.671013
-1.34769,2.40421
-1.27823,-1.58008
-2.71982,1.48794
-0.970009,-0.265446
3.56842,1.15262
3.50483,0.0339609
1.39364,0.818847
-0.839446,0.0564916
-0.488882,-2.21571
0.462787,-0.546958
-0.748552,-0.965379
1.61746,-0.517081
-1.4433,0.123729
0.651615,2.58455
1.30583,0.382984
-3.7558,0.946045
-1.50793,0.871573
-1.39357,-0.320937
-1.80312,2.85824
-0.747578,0.415612
1.51063,-2.04578
1.22708,0.39268
1.78744,0.143125
1.12157,1.23753
2.4474,-0.38188
2.62527,1.01185
-0.542003,-1.49815
-0.641115,2.50178
3.32037,0.856642
0.554424,3.6558
0.468859,3.22459
-1.49109,1.02356
-3.0505,0.054021
0.467953,3.56487
0.00603351,0.167453
1.27759,-0.983734
-3.30926,-1.00413
-0.426213,-2.49934
2.832,1.76945
-0.797551,2.88147
-0.23129,0.865476
1.76777,0.487299
0.620973,-3.6688
2.3019,-0.16532
2.89815,-0.317982
-1.46692,0.883707
1.25667,0.254009
2.22776,1.97388
-1.44706,1.71463
0.170475,1.00777
1.49656,-1.23639
1.60664,-1.51438
-0.843985,-2.16422
-3.56614,-0.196559
-0.668639,-1.97123
-0.10878,0.0965115
0.421484,-0.998028
-2.37389,-0.943973
1.09465,3.39219
-2.75194,-2.68711
1.59881,2.65807
2.40978,-2.02863
-0.654968,-1.66162
-3.42277,-0.620805
-2.69684,-1.76206
-0.135641,1.32375
-2.62379,0.21792
0.458678,0.135905
0.387547,-1.29832
-0.129523,-0.982966
2.78589,-0.340231
-0.00713503,2.16037
0.441611,2.3999
-1.53023,-3.24119
-2.13792,-1.9055
2.52916,-1.23676
1.87319,2.7079
-1.82377,-1.93832
0.138568,-2.74254
0.3823,0.0116281
1.17464,3.59441
3.13998,-1.97992
1.8262,-1.08374
0.061618,-0.574057
-2.80542,-1.89875
-2.90208,-1.88612
0.383987,-0.269703
2.32574,-2.69905
-0.824462,3.18527
-3.316,-0.693835
3.36684,-0.0500382
0.222892,2.85131
3.21978,-0.682967
-2.9538,1.82077
-2.36702,-2.38904
1.11374,1.36924
1.30706,0.152055
-1.00929,-3.15772
-0.102635,-3.4749
1.116,3.12425
2.69579,-1.70856
0.901557,-0.530181
1.13146,-2.68339
-3.42185,0.717606
1.56737,-1.77194
-1.18407,2.89956
-1.06094,0.00264007
1.6699,-2.63458
0.462464,2.96016
-2.79759,0.218921
-1.15921,1.48608
0.0165399,-3.72457
2.33182,-1.23852
1.88898,-1.63787
-0.342602,-0.783943
-2.64602,-2.76083
-0.995434,-1.71228
-3.34208,0.467375
-2.44613,1.05618
3.48904,1.16779
1.58284,-3.32302
-0.288065,-2.00821
0.551969,-1.8253
-0.141122,2.27747
2.70017,1.43331
2.53366,-2.36742
-0.355346,0.341708
3.14729,1.83292
-1.82446,-3.36758
0.41683,2.17337
0.63324,2.31518
2.26528,2.7177
1.03901,3.58557
3.21086,-0.617853
1.32863,0.847839
-0.759483,-3.254
-0.682768,-3.41915
-1.22936,-1.29793
-0.810138,-2.48861
-1.26751,3.25851
-0.389801,0.512915
-0.300703,-0.943958
-1.599,-0.152001
3.66605,0.463371
-2.50998,-0.582713
0.293036,1.90671
0.951003,-2.33879
-1.60737,-1.07583
-1.8558,-2.50195
0.922728,-0.8449
-2.08192,1.63003
2.8885,-1.88062
-1.40364,1.27621
-2.77275,0.269551
-3.35595,1.15131
1.56304,-2.64284
1.8008,-0.140477
1.43266,-2.69059
3.03545,-1.4464
0.360946,-2.82724
3.33975,-0.818444
1.82778,2.60123
-1.66114,2.74385
1.65439,-0.625313
-1.88103,-2.23416
-2.96081,-1.95689
3.70814,-0.13526
-0.165931,-3.97813
3.57031,-0.312794
2.16366,3.23764
-2.07005,0.346807
0.251767,2.48806
0.959469,2.88973
0.501208,0.961755
0.238123,1.85301
-2.63634,1.91392
-1.99111,-1.83194
1.29172,2.37236
-0.461602,-0.760677
1.69103,1.86596
-0.423374,-1.7228
0.669956,1.86115
0.149335,-3.23673
1.7028,2.48787
1.64818,0.235019
-0.462175,-3.7407
3.39287,-1.17821
-1.80424,-3.25326
0.576504,3.02008
-2.58327,1.86341
2.22938,-1.21677
0.630573,-2.45666
-1.32943,-2.91034
0.688079,0.747624
0.0755462,0.348591
-2.0373,2.76326
3.11788,1.76693
-1.23112,2.1345
-3.63318,0.178407
2.43345,-2.23957
3.46414,0.287754
1.94875,3.37032
3.12564,-1.52503
-2.05498,2.03282
-1.15957,1.06212
-1.24886,0.721636
0.183675,1.76235
0.339128,-1.05008
2.82477,-1.0346
0.725548,2.76586
-2.41433,2.14642
-1.67678,-1.0322
2.4781,1.83527
0.479601,1.02528
0.913352,2.80945
-2.99764,-0.0829471
1.18119,-1.258
2.71706,-0.367283
1.7122,3.13548
1.03939,0.847394
-1.83855,-2.58757
0.620161,-2.02475
-0.428949,2.251
3.32834,-0.870171
2.05224,2.42294
0.315639,-2.21118
0.702996,-2.77203
1.58105,2.02102
-2.58988,-1.78045
-1.86173,-1.6079
-1.16626,1.69872
-0.658319,2.72351
3.50242,-0.906159
-2.65716,-0.65454
0.247792,2.94404
-1.49793,0.221409
0.80089,2.14964
-1.91085,1.47507
-1.49532,2.8985
0.892672,2.46292
3.36839,1.29015
1.3407,-0.831633
1.45232,-0.141408
-3.47073,1.24987
0.642495,2.34472
-0.832251,-2.80732
2.41801,-1.59105
1.76537,-2.72742
3.13076,0.882512
0.757527,2.5154
1.71433,1.37335
-1.72614,0.804055
0.375285,-2.38478
0.887645,1.94875
-2.27535,0.235341
0.624473,0.685589
-0.526746,3.4076
-2.29032,-0.845543
2.7349,-2.12738
-1.50841,-0.804913
0.618527,-1.47323
-3.0148,-0.308515
-0.0165806,3.7431
3.49367,-1.38752
-3.14096,1.44021
0.447399,-1.88573
0.381521,2.44002
0.488477,1.72556
0.832082,-0.693796
-1.1406,2.9251
-1.31873,-1.96727
2.51502,1.77168
0.212768,2.39513
2.75395,2.2508
-1.01991,-0.959678
-1.00758,-3.10509
-1.77156,-2.05592
-2.35917,-2.84907
0.481501,0.768295
2.24319,-0.102054
0.0633737,-3.90615
0.19132,0.913932
-2.05564,-2.36853
-2.08979,0.282526
-0.407182,-0.572599
-1.87018,-0.706978
1.99875,3.15015
-0.270851,-2.887
-0.346597,-0.678908
-0.421639,1.23049
-2.08379,2.25132
1.91976,-0.185501
0.545285,-3.20271
-1.955,-0.102288
1.44938,1.11611
0.157781,1.21733
-1.02051,2.97545
2.22778,2.3734
1.3315,-1.17641
-1.88422,-0.756287
-0.780059,1.63514
-3.26861,-0.153291
-1.15152,-3.501
0.420823,0.0765939
0.147578,-3.19597
-0.260812,0.744299
-2.81032,0.727186
0.316623,-1.58248
0.235785,0.0395605
1.41429,3.31754
-0.716803,-0.730007
1.62284,-0.539909
-3.37342,0.969376
2.47194,-0.593924
-0.609854,-1.61253
-1.64911,-1.62544
-2.11796,2.46647
0.712559,2.83252
2.44791,0.602601
2.47598,-2.20576
-0.795232,-2.62732
0.947764,3.28968
2.26367,-0.587607
2.52234,-2.35201
-2.48032,1.2443
0.587558,0.111003
0.252804,1.84017
-0.547205,-1.8951
-2.38137,1.23067
-1.48776,2.81926
-3.03165,-0.712399
2.00623,2.50627
0.875529,-0.0885816
-1.94082,-1.68213
1.14063,-2.95929
-1.19412,0.00259817
0.935673,-1.95092
0.559549,-1.18412
2.40067,2.77821
2.32696,3.0352
-0.9313,1.08279
3.12594,-1.13229
-1.50696,2.31293
-2.56492,2.16287
1.18472,2.89787
-2.28179,-2.09135
-0.751293,-3.25394
-1.11612,-1.65901
-0.739164,-0.872479
-0.867898,-2.35108
0.208966,-1.95327
-0.160926,2.88923
-2.13307,-2.6379
2.36158,-1.37368
-3.56018,-0.0231915
1.37431,0.486346
0.387148,0.644784
0.271767,-0.0239183
-2.25368,0.396827
-1.76175,-0.790112
-1.72439,-1.19535
-0.209513,0.748316
0.103377,-1.66713
-1.82213,-1.94511
2.19104,2.52172
1.97982,2.7583
1.36258,2.372
0.716923,-1.50029
2.79428,0.428629
-2.11373,0.573127
1.57222,2.49001
0.616185,3.13511
1.6257,3.51743
2.4577,1.18779
-3.278,0.652743
-1.56127,0.717147
-1.61302,0.378801
-3.42446,-0.742602
-0.681315,-0.780583
1.99743,1.44308
0.710209,-3.15807
1.80681,-2.62929
1.2651,-1.21434
-2.74705,1.74835
1.46326,-3.17623
-2.84241,1.32108
-0.472282,-1.67841
-0.194693,3.21319
2.99929,-0.545197
-1.80728,1.90175
-1.52097,0.254631
1.14919,-1.75661
-2.33271,-0.952973
-1.94275,-2.53507
1.52427,3.25708
-3.15105,-1.34069
-0.408376,-3.31415
-3.28878,-0.98383
-2.97561,-0.671355
0.233574,-2.00396
0.345567,0.277552
2.60097,2.15328
-2.70346,-1.84197
2.05428,2.04227
-2.26178,-1.0493
-1.33572,2.47748
0.685563,-3.54669
-0.008763,3.68709
3.15498,0.483349
3.26264,0.682275
1.55709,-3.00302
-1.32695,-1.80338
2.26641,-2.0598
-0.070293,-3.1856
2.51532,-1.95452
1.16047,0.916332
-3.62073,0.518119
-0.2331,3.48643
-0.46302,-0.190741
2.40481,2.68839
1.75693,1.37699
0.633688,0.240532
3.37555,-1.39097
-1.55613,1.76363
1.17414,1.75603
0.444229,2.3534
0.879291,3.63071
2.42564,-1.49055
-3.6273,0.312624
-0.636818,-1.73975
2.43807,-0.00611035
-2.29522,0.188648
2.82995,-1.75098
-1.62892,-2.85545
-1.15428,-1.64796
-1.70109,-2.30947
2.21887,0.820679
-1.03435,-2.56493
-1.16309,1.42251
-1.4599,-2.44284
-1.4921,-2.85457
-1.63714,1.89112
-3.34482,0.597546
1.49157,0.058313
0.605841,3.13403
-3.3199,1.20709
1.19799,3.09023
-2.35077,-1.78789
3.09665,-1.40986
2.93228,-1.34524
-0.672677,0.196804
-1.87466,-1.80398
0.556351,3.34279
-2.29571,1.74301
2.94759,-1.81551
1.42193,-1.33266
-2.13411,-0.554816
-1.84103,-0.659125
-1.56296,1.33356
1.46159,-2.82305
-2.30767,-2.69291
0.744971,-0.0206987
-1.10935,-1.83953
-1.29102,2.30091
-1.91172,1.40405
2.73503,-1.20795
2.01126,-0.734758
-2.42747,1.10874
1.63441,-1.48883
0.288734,-3.56575
2.63772,2.61429
-0.823079,-3.64073
-2.88126,0.806275
0.99135,-2.03357
1.662,0.74689
3.46689,-0.779168
2.6449,-0.353671
0.303758,-1.16028
-2.62497,-1.08559
1.52381,3.29519
0.733734,-2.93972
-0.214323,2.2798
-2.4606,2.00992
-1.03258,0.836463
-1.88514,1.8693
0.697262,-2.2164
0.958042,-2.81996
-0.103003,1.44722
2.71853,-0.100626
-0.553847,2.6337
-0.640057,-1.08635
3.01787,1.02064
1.63939,0.59002
-0.62892,2.46194
-0.536533,2.43716
-0.351497,1.84598
1.29546,2.39897
-1.07299,0.0978225
-1.86262,-1.68857
-2.69756,-1.59261
-2.82881,1.45705
2.60835,-1.64437
0.237661,-3.09109
-0.519774,0.76644
-0.610986,-2.38759
3.05666,0.482372
-1.00732,2.55979
1.91007,3.07054
0.493395,0.0586252
3.41995,-0.238038
3.76076,-0.0109362
-0.721101,-0.909681
1.85439,-0.270486
0.413472,3.18947
-0.588292,2.84636
0.115224,2.00088
1.18502,-2.22323
2.22092,2.03385
-1.27115,1.66548
-0.976469,-1.98724
-1.93016,2.0492
-3.37459,1.11151
3.22365,1.76788
2.42813,0.341977
-0.484982,0.336296
-3.7351,0.959118
0.789127,-0.0392405
2.62908,1.6107
-2.44576,-1.83713
-1.87573,2.73174
1.988,-0.650903
1.53844,3.19911
-1.26311,-0.992279
0.179321,2.77262
-2.85668,1.52567
2.23365,-2.76129
2.52313,1.43391
1.79467,1.23182
-3.30721,-0.207318
1.05097,-2.11376
-1.49083,-0.66383
1.63263,-1.36115
2.72755,2.34817
0.738647,-0.133109
-3.56985,0.658781
0.399694,2.5095
1.04659,2.96256
-3.70521,0.888551
1.4305,3.03888
-1.96413,-2.87197
-2.11956,-2.35126
3.16331,-0.0998436
-2.1689,-0.482402
0.975338,2.37642
-1.36358,2.02495
-3.1715,-0.647549
2.07174,0.729313
1.38612,-1.59287
1.44402,1.70991
3.20106,0.251948
1.82952,2.45927
1.09847,-2.98949
0.91282,-2.563
3.1693,-0.449025
1.79465,-2.65448
2.53215,0.200586
0.43688,2.83311
-1.62697,-2.64139
2.85829,0.27562
0.516698,-0.389071
3.04882,0.647528
-2.56389,-2.54299
0.0872134,1.31836
-1.41831,2.5607
1.38918,1.89621
2.76254,-2.42956
-2.67741,-1.12435
-2.04419,-0.192239
3.81338,-1.05867
-0.887319,0.941233
1.03886,2.74489
-2.35933,-2.66563
1.55615,-1.83229
1.32979,2.6177
0.802543,-0.408515
-1.28461,2.80285
1.08152,-2.97085
-3.01016,-1.36475
0.546683,2.39451
-0.0549484,-1.41744
-1.08127,-1.84063
2.67384,0.844026
0.840758,3.53717
3.18255,-1.05291
1.02168,0.438586
2.02431,-1.59946
-1.9606,-1.35208
-3.19495,-1.29988
-0.648952,-1.72518
2.26549,1.17872
-2.41227,0.381012
0.213082,-2.63513
3.61332,0.775055
-0.0698369,3.57271
2.47042,1.6114
-0.404443,2.80662
1.40217,-3.37435
0.645688,0.483335
-2.45189,-2.43728
1.57314,3.40683
-1.04575,-3.37852
0.0470041,-1.76619
-1.85824,-2.33522
0.607075,-1.92882
0.482203,1.02047
2.8057,-0.726315
-0.186282,-3.92374
-0.056626,1.02092
2.27817,0.328709
-0.816708,1.55381
0.252897,-1.0177
-1.80632,1.71039
0.574798,-3.71423
-1.14683,-0.922064
-0.786963,-1.739
-0.122303,-0.932989
1.34538,3.15222
-0.967839,1.31317
3.13866,2.10107
-0.414464,0.551011
2.51615,1.80953
3.56119,-1.29937
-0.778558,-1.44313
-0.978277,2.67356
-0.280679,0.174622
-1.65975,-1.22496
-0.637359,3.14499
3.4424,0.450866
-0.0946376,-2.15087
0.762204,-2.30518
-0.306024,2.538
-1.61321,1.97955
-0.893494,0.275286
-1.54846,-1.04934
1.15993,0.0163299
-2.36823,1.39108
-3.44826,-0.472875
-1.3424,0.514009
-2.08078,-0.918322
2.10437,-2.17499
2.18647,-0.501089
0.717358,-1.6855
0.356582,-0.509406
-2.54868,-1.70984
-0.346262,2.98409
-1.94337,-1.01782
-2.90671,-0.398042
1.30171,2.87443
2.65991,0.15091
-0.205297,3.40126
3.58238,0.807841
1.31266,-1.08626
-2.97107,-1.58117
1.69576,3.36048
-0.018548,-0.723487
-1.44353,-2.37364
-1.89126,2.85729
-0.732205,-2.93583
1.58469,2.85349
-2.04036,-0.913287
0.949889,-0.301561
0.351303,2.88678
-2.64523,-0.437158
-1.37424,1.25296
2.20025,2.04681
-0.711097,-2.22749
-2.26524,2.34426
0.329915,0.763439
0.0572774,2.95366
-0.115237,-0.0348044
-2.247,-1.97018
-1.97023,2.38439
-0.898859,1.88222
3.48081,-1.37345
-1.21056,0.659623
1.49143,-0.910123
-2.74112,0.990546
-1.1627,-2.83317
-2.12312,1.54914
-2.61623,-1.45297
-0.0726525,3.67776
-1.30337,1.56098
2.83057,-2.15059
-0.309456,-0.307678
-2.99742,-1.07784
0.253464,2.75173
1.6116,-0.240581
0.357984,1.17902
2.56729,-0.578871
-2.83505,0.191356
-1.97481,0.860196
1.73168,-3.25067
-2.71816,0.386422
0.00401812,-2.71153
0.800824,-3.36005
1.36369,-0.186944
-0.0165513,-0.684132
0.294283,-3.70413
1.14361,-0.864482
-1.32434,2.18061
-3.01906,1.77871
-0.81682,0.743955
-0.890771,-3.48397
1.33429,2.49147
1.98569,-0.26766
-0.750501,-0.810446
0.752633,-0.0472057
2.87934,-2.07585
0.630694,1.28178
-0.720039,-3.06152
-2.37727,2.06191
-1.46332,2.40581
-1.46991,-1.61675
1.47282,-0.869775
-0.848873,0.204626
0.480893,-1.7554
-2.43025,2.3169
-0.77803,-0.578015
0.228016,-1.35662
-1.77996,1.6133
1.57381,2.26427
-0.863078,-2.8503
-0.394772,-2.09445
1.63644,1.33029
2.90712,1.14934
2.9662,-1.77934
-1.91483,1.63049
-2.56801,1.94872
1.87241,1.30212
-0.15027,3.65096
-3.04518,-1.37416
-1.16215,-2.50026
1.25393,-1.40873
-0.591315,-1.02762
-3.56806,0.573223
-0.244265,-1.93734
0.792794,1.53873
1.71856,-2.55426
2.21427,2.49166
1.18268,-3.0563
-0.276207,3.01402
-1.36865,-1.70381
2.69804,2.01751
2.76229,1.128
-1.82424,-2.16449
1.46324,0.78829
2.14988,-2.18895
0.366637,-0.706898
-1.87717,2.62496
-2.74965,-2.25069
1.24805,-2.88826
-2.01195,-3.2026
0.560979,-2.85639
-2.56921,0.966043
2.58418,0.9626
2.81496,-1.36876
-3.79428,0.924777
-0.180716,1.53392
-2.57988,-0.937998
0.416463,1.14168
1.57714,3.08977
1.87877,0.23546
0.0425776,3.13416
2.79511,0.388909
-0.0473419,0.0306387
0.357953,-1.0275
-0.020887,1.27448
0.557306,-0.881586
2.06605,-0.190413
-0.95021,-0.349901
0.831904,-2.84951
-0.612699,-2.7309
-0.74214,0.208913
0.958028,3.35224
0.0496557,-1.07208
-0.668243,1.63652
-1.82302,-2.96158
1.14082,0.112907
-2.42434,-3.06674
1.86404,0.429898
2.9428,-0.0171816
-3.18751,0.453703
-0.681698,0.927044
1.99307,0.500562
0.823705,1.77895
1.23819,-2.10285
1.3596,3.33378
-1.29132,-2.75698
3.51761,0.859228
-0.462525,1.59217
-2.09663,-2.48369
-0.772787,2.55287
1.63152,-3.42783
-0.737439,2.02817
-2.6089,1.85865
-0.500856,2.44746
0.478482,-3.54527
-0.357673,2.20044
-2.9929,0.0776331
1.69706,0.681299
-3.25674,0.671069
0.319675,0.0823713
-2.1926,-1.84626
-1.83456,-3.10277
-3.03447,0.802578
0.333664,3.38144
-0.134642,-0.567664
-0.136962,3.36133
2.2664,1.89085
-3.16481,-0.337644
-2.68435,0.302311
1.72419,-1.68935
-1.64118,0.634553
-2.28938,0.537892
-2.14843,-2.35169
2.01055,0.858088
1.13245,-1.31433
-0.718986,-1.14153
3.14889,-0.650401
-1.81706,-0.415824
-1.79494,1.81521
-1.73295,-2.19707
0.271828,1.81721
-0.303076,-2.59939
-0.4023,-0.0562529
-3.14522,0.361904
0.726509,-0.977524
2.21744,2.79931
-1.3509,0.343415
-0.285337,0.739399
-0.650687,3.0304
2.78887,0.156702
-1.69683,-2.61783
1.51082,-1.04849
-2.14678,-0.983105
0.154838,-2.80536
-2.82884,-0.381986
2.20868,0.712502
-0.688653,-0.629806
1.07378,0.681067
-2.0512,-2.51535
-0.82318,-0.622945
-1.73184,2.57755
0.925456,-3.58297
-1.20919,-0.651721
1.51235,1.31362
1.69005,-3.01409
-3.04205,1.18975
1.54758,1.64401
-0.7002,-2.66313
1.46678,1.91128
2.65362,-0.977196
0.644892,-0.118067
-2.89708,-2.38159
2.25504,-0.267327
2.61632,1.22834
-1.81447,0.402424
2.63099,-1.50007
0.142834,-3.24528
0.677265,3.16516
-0.349896,-1.11419
1.31501,-0.909002
0.245455,0.665149
2.43589,-1.59296
-2.42486,-0.158655
1.98526,2.93407
0.197555,-3.48471
-0.159561,-0.108241
0.712798,-3.10253
1.7915,-2.21255
-0.771759,3.49322
3.47601,0.431975
1.52693,-1.62315
1.41534,-3.19221
-0.426344,3.31474
-2.20778,-0.399294
-2.34718,0.943765
-2.43808,-1.11961
-1.22831,3.11105
-0.546797,2.833
-3.35369,-0.659341
3.67785,0.642795
-2.28071,0.483382
-1.3825,1.51139
2.83588,0.593448
0.346225,0.709179
1.9958,0.368691
2.00618,-2.91839
-0.223645,2.73171
-2.63786,-2.6416
0.967974,-0.178343
3.33803,1.21085
-3.3339,-0.990673
1.06005,0.764469
2.21047,-1.39969
0.121003,-2.1223
1.30735,-2.73487
-0.293729,-0.764311
0.701117,-2.9108
0.747693,2.41638
-3.69629,0.233908
-3.63093,0.513745
-1.49308,-1.44165
1.08321,2.46767
1.48563,2.22368
1.02084,-1.11491
-0.867249,1.74109
1.86806,-3.01491
1.10181,0.443066
0.839202,-0.113429
1.32044,-3.25904
-0.10834,-3.97665
1.59061,-2.17231
0.822414,-1.88849
-0.231788,-3.70313
-2.56917,0.795164
-3.05585,0.718216
0.745411,-2.56278
0.827747,-2.80893
-1.22377,0.607767
-0.849322,2.09351
2.23886,-3.00152
0.0861365,2.83904
-0.131586,-3.49364
-1.56034,-0.583545
-2.00824,1.3431
-1.85512,-1.13987
2.74267,1.1396
-2.39108,-2.00915
0.37572,1.58718
1.67584,3.55489
1.95989,2.29783
0.793776,-0.566488
-0.849152,1.48652
2.78624,0.570861
-1.49474,3.10407
0.853537,-2.64723
2.21761,0.481896
-0.376276,1.48484
-2.04828,-2.84185
0.354615,0.27548
-0.029833,1.86394
0.0995394,-1.29428
-0.818415,1.68766
-0.836417,-3.25784
0.00171372,-2.31588
-1.29947,0.14951
-0.0170587,0.353096
-1.91728,-2.6577
1.39693,2.23452
1.88601,2.55928
0.261084,-1.50955
-0.847113,3.12302
-0.458582,-0.826597
2.00319,-2.30046
-3.37527,-1.13418
-2.29634,-0.0773414
-1.49384,1.86908
1.31394,0.0957136
2.78498,1.23675
-0.892812,1.38447
3.76839,-1.01946
1.45042,-2.69306
2.24965,-0.877493
3.26348,-0.523948
1.47102,2.50104
2.74109,1.14087
-0.24822,-3.76985
-1.7376,0.0668988
0.898355,-2.24997
1.70375,3.16302
-2.74773,-1.76411
-0.479997,-0.956615
-0.996072,-0.683737
0.270614,-1.48273
-0.0778526,-0.485574
0.0835706,-2.66087
2.62183,-2.16908
-1.82963,0.919794
2.23171,-0.461819
0.664305,3.01827
-2.10691,-1.56593
3.38835,-0.667937
-3.12993,0.66903
-2.96385,0.371352
1.02641,-0.0243171
-1.62049,1.82108
0.746149,0.225877
0.608371,-1.34513
-0.0983612,2.87143
-0.0867213,-1.8684
-1.21271,-3.39222
0.295537,-0.56229
-1.83058,-1.1041
1.17665,2.57483
0.883758,-2.06549
0.955515,1.17241
0.167252,-0.480326
-2.64982,-2.28761
-0.625222,-0.325068
-2.46862,-0.993703
-2.39274,2.47283
0.963151,3.57098
-0.304341,2.06252
0.100563,-1.02714
3.03611,-1.34423
-3.48632,0.0585302
1.93662,-1.10288
0.0237216,-3.13961
0.801541,3.04554
0.774915,-2.42415
-0.0811501,-0.61142
1.41237,1.18373
2.88678,2.10326
-3.21459,-1.27322
1.515,2.48005
0.67539,-0.585669
2.89481,-0.526456
0.91127,-1.97818
0.618823,1.74258
-1.54343,0.756032
2.92349,1.22222
-0.160969,-3.87543
-0.79365,1.33488
-0.464348,3.14894
1.3174,-1.7108
2.05767,2.48458
3.63425,0.951588
0.80147,-3.53463
2.53509,1.60784
0.667334,3.70962
0.440062,-3.82453
2.60785,0.698152
-1.22997,1.03335
-1.7832,-2.91141
-0.641165,3.26818
2.81381,2.56606
-0.896398,3.26318
-1.81856,-2.26502
-1.19813,-1.00552
-0.77976,-0.294107
-1.3663,1.64825
0.666577,-2.73486
-0.750862,0.417256
3.7472,0.129477
0.950684,2.44104
0.586584,1.27582
-2.37436,-0.378097
-0.110149,-0.0326533
2.3201,-2.88872
-1.34049,-0.178889
3.60404,0.848702
0.042673,2.94053
1.62496,1.27598
-0.756206,-3.2725
-0.840879,3.33319
-1.85404,-1.4421
2.18516,1.58639
0.711788,-1.64393
-2.50035,-1.48039
-1.42453,-1.49992
2.42185,-2.64594
-0.654527,1.74099
-0.208065,-3.69339
2.4151,0.903189
-2.35768,0.859028
-3.06829,0.872354
-3.40628,-0.00952922
1.84254,0.216602
3.47184,1.43882
-2.50813,0.7102
-1.2783,-2.42367
-3.34588,0.590784
2.89922,-0.443424
-1.17888,2.13979
2.71056,1.06311
-3.32753,1.00437
1.45751,3.64938
0.544617,-2.91815
-1.2931,2.13338
-0.00311463,-0.91299
1.96659,-1.1576
-1.17588,1.70349
2.10793,1.31922
2.22631,-1.04541
2.10015,-2.68376
-0.410258,-1.53532
1.42695,-0.682965
1.08312,-2.43404
2.08063,0.0246638
-1.7567,-2.75982
-2.82635,0.956832
0.55736,0.0956929
1.44959,-1.78296
0.273248,-0.999823
1.76645,-3.11906
-0.157009,1.78651
-0.840134,1.88122
-3.33956,1.25547
-1.20454,2.63268
2.58262,-1.19958
-2.11444,2.00254
-0.181906,-2.99551
2.31541,-2.91924
1.59833,-2.72583
1.16587,3.10961
1.46824,-3.13713
1.61309,-3.06618
-0.74703,3.3044
1.93694,-0.582941
0.351113,3.2266
-0.04081,0.537016
-1.20926,0.194833
0.571756,-2.09032
2.21035,-1.20178
0.63275,1.80732
-2.45313,-2.24452
1.41815,2.86167
0.833646,-2.41836
0.820177,0.201743
3.12158,-1.39291
-0.271057,-0.223665
-1.9499,-1.40877
-2.53093,-1.28432
0.497955,2.02976
3.24298,1.19628
3.33064,0.0383353
2.48312,-1.88452
0.352542,-0.584176
-0.455394,2.47361
3.62893,-0.656049
-3.01915,-1.21174
-1.05004,-0.877891
0.792719,-2.82624
-0.947605,3.27427
0.667111,-1.2136
-0.0467796,2.84182
0.980671,-1.04058
-0.838682,0.124027
-0.394494,0.299206
-2.96081,-0.278951
1.67059,-1.64676
0.75737,-2.26671
-2.78671,-0.648006
1.83238,-0.0346144
0.0751279,1.07386
2.74669,1.82426
-1.82639,1.7871
2.99547,2.37759
-3.66105,0.202832
-2.53054,-1.41975
1.78562,-1.32537
0.513202,-2.22995
0.38329,-3.91917
-2.06163,0.499017
-1.42959,-3.38973
-0.882114,1.45483
-0.699215,-3.10007
0.165052,-0.26839
2.99803,1.15443
1.88982,-2.61927
0.431617,0.820746
-2.18639,1.56517
1.30834,-0.166623
2.91012,0.890598
-1.41814,-2.96035
-1.89949,2.55072
0.691583,-1.23659
1.10357,-2.49344
0.270622,-2.86138
3.21827,0.558253
2.73118,0.383618
0.82765,3.6058
1.32064,3.14446
0.936661,-1.12906
-0.850871,2.16381
2.22927,-1.33561
-1.61386,2.53896
2.88095,-0.466723
-1.00298,-0.377873
-2.57819,-1.28057
0.0236463,-2.76831
-0.671381,2.06347
1.75422,1.8248
-1.72152,1.10139
-0.444198,0.973057
-1.83383,0.505336
3.22849,2.02787
3.51639,-1.14132
-1.89048,-3.0854
0.609085,-1.84557
-0.710089,0.300189
1.75227,-2.42647
-1.39553,-1.21429
0.754207,-1.20927
3.08623,0.587688
0.437219,2.89571
1.86946,-2.75938
1.7483,-3.31188
-2.11774,-2.91667
-1.03015,2.15192
-0.261546,-2.64637
-2.56295,-0.826349
-0.797647,-2.53422
-1.53236,0.3429
1.34571,-1.98282
1.1426,1.87953
2.73115,0.317234
-0.0187653,0.371549
-0.197336,0.213909
0.91068,-3.75744
-0.246042,-1.07123
-1.24458,0.774708
-2.51718,-3.03614
0.596152,2.19905
-1.40968,-0.564883
-0.585376,-2.90778
-0.893133,1.55776
-0.676965,1.32957
2.78066,-1.38884
1.13615,-2.25688
-0.741047,-3.23091
0.381518,-3.102
2.26054,-0.285265
1.35857,-1.3359
0.379216,-0.595926
2.42863,-0.64507
1.62506,2.7471
0.52429,1.31046
3.64118,-0.835911
-0.342407,1.91303
-0.73616,-0.710251
2.18524,-1.99859
0.528145,3.16303
1.16439,-0.0473905
0.29299,1.57064
-0.0785904,3.49046
-3.47413,1.00583
-1.7717,1.6206
-0.278553,0.678162
1.90314,-1.86326
-1.66808,-2.6791
1.4113,-1.22012
1.01174,-1.14828
-1.58727,1.1513
2.20309,-1.27368
1.27329,3.38097
1.89883,2.13839
1.70327,-0.423412
2.11788,-0.859177
0.517788,2.57908
-2.51002,-3.15814
2.7854,-0.835495
-2.40991,0.0862202
-2.67437,2.13898
2.53721,-2.26036
2.68387,-1.56993
-0.312003,-0.503667
1.64561,2.93052
1.56793,0.405885
0.888935,-1.74165
2.48918,-1.77194
0.161178,1.86718
0.449932,-1.58669
0.292327,1.70196
1.6628,-0.804469
1.49998,0.484112
-0.243857,-0.720554
0.134276,0.573464
-0.331258,2.20387
-2.98018,1.64201
0.0138894,0.138083
0.519966,-3.1697
-0.376969,3.42741
-0.356043,-3.64092
-1.69659,1.02672
-2.91686,-1.97587
-0.440871,-1.86134
-0.746601,2.29556
0.886975,2.05498
-1.38457,2.74767
-1.25623,-2.38218
-1.92202,-1.00774
-1.07007,-1.17896
0.102639,2.91039
-3.05405,-0.613944
-2.20722,-2.18859
-1.86685,0.766633
-1.20678,-0.987151
2.19089,2.72797
-2.3131,-2.16386
1.6264,0.868429
-2.35078,0.455418
0.222343,-2.43621
-2.32032,-1.26302
-0.367495,-0.45781
-1.35953,0.752826
-1.53768,-1.85189
-0.446409,-2.70532
2.99424,0.338444
-2.19157,0.697183
1.43384,1.1916
-2.12348,0.740024
3.07852,2.15521
-2.64826,-2.26646
3.6051,1.26056
-2.16076,-1.98877
0.968013,1.47595
2.88498,1.3521
3.03414,-0.993558
-0.676389,0.795348
0.581805,0.470038
-2.37711,-0.992869
0.496131,-2.13681
0.558052,2.996
1.67779,-3.07425
-1.89293,-1.0369
-0.684639,3.24663
-3.42262,-0.334383
1.21173,0.378452
-2.93492,0.350053
2.01255,0.122323
0.22181,-0.682433
-3.0961,-1.87696
2.25811,2.11274
-1.30031,1.81952
-3.19472,-0.189119
-2.25449,-3.22645
-2.98385,-0.621494
1.18114,-0.106406
-0.333294,-3.68679
2.25761,0.770448
1.37033,0.890655
1.37194,0.0366472
-0.26241,-0.188905
-2.36286,2.37289
-3.38778,-0.715289
1.78887,-2.50685
3.2174,1.22869
-2.87497,-1.45932
-0.395412,1.28352
-0.783311,1.42367
2.64997,-2.31382
0.0568266,-2.03475
-2.31268,-2.54066
-1.87653,-0.0856889
-1.83249,-2.89616
0.59909,1.19056
0.112957,-2.35526
1.64278,-1.86782
-2.21272,-1.1021
-0.199427,-2.59518
-2.46211,2.29291
-0.523036,3.4158
1.40799,3.1165
1.6839,-0.450568
-0.61625,1.51126
0.941738,-0.897899
2.18224,-1.80383
-3.44136,0.185154
0.0204583,3.27797
-0.563701,0.948274
-0.086565,0.434935
-1.11018,2.76199
-1.32966,-2.27623
2.17841,-3.07756
2.95063,-0.387088
-0.748734,1.49557
1.76824,2.79416
1.11859,-2.45176
0.281533,2.61188
1.07982,-0.93567
-2.33995,-2.65781
-0.286718,-3.90891
0.493146,2.01636
0.962523,3.60954
0.77433,-2.41117
-2.2526,-1.77207
3.31858,-0.2786
-1.42613,-0.630567
1.68716,0.205013
1.07323,-2.7876
3.09424,-0.838832
-0.0612835,-3.05013
-0.514123,1.77785
-2.60845,-2.24914
-2.06316,1.96474
3.54112,0.752093
-0.205706,3.30728
-0.456501,-0.877592
1.06657,1.71442
0.844546,1.4301
2.01755,-0.12286
2.72986,-1.56933
-2.25713,-0.53841
1.9541,2.89426
-1.13672,-0.173256
1.79798,-0.345445
2.91103,0.0944093
-0.780914,-1.43041
2.29576,-0.680678
-2.43649,2.21443
-1.00933,-2.26852
-1.72828,0.579055
-2.6319,-1.50296
1.12864,1.69997
1.26153,-2.84348
2.98841,-0.899543
-0.295393,-1.74467
1.33708,2.20034
1.01094,1.84597
-2.47166,1.60714
-1.36642,-3.1941
-0.892539,1.44407
2.66316,-0.991314
2.35169,-1.75422
-2.29568,0.690541
-2.24674,-1.63292
-1.03544,-0.34158
-2.75858,-2.67422
-0.074482,-2.92616
-1.29105,-0.376042
1.19211,3.30769
0.95363,1.34893
1.802,1.27511
-2.91216,-0.360527
1.83505,3.09078
-1.76616,-1.17819
3.42979,-1.47472
1.89411,-2.27083
-2.12043,0.888295
-2.72916,-1.72903
2.56192,-0.382947
2.76726,0.620601
0.724889,1.70617
2.27402,-3.00758
2.0769,-1.86317
1.01352,0.465711
1.11756,-3.03986
-1.1394,-1.54672
-0.295306,-1.27445
2.04166,2.47531
1.21499,-2.93378
0.519506,-1.67683
-0.787593,-3.66237
-1.8961,1.49915
1.01741,-1.09097
-1.25873,1.62303
1.39294,-1.08902
0.247754,-3.03032
1.79362,-2.15994
-2.90545,-1.60661
-1.22574,1.81155
-2.72752,-0.310213
-0.197333,-1.10019
-0.444917,0.161078
1.20865,2.20016
-1.81391,1.1437
-2.63346,0.718709
0.871563,-2.55008
1.77843,2.61487
-0.158023,-0.265129
-3.38869,-0.831254
1.48872,1.02115
-2.55683,2.19342
-0.423454,0.612733
-0.839866,-2.46131
-1.36022,1.78993
-0.91204,-0.27041
-1.34893,2.84231
-1.91688,-0.708267
1.21768,0.503023
-0.496397,-2.25738
-0.00975802,0.682178
3.3768,0.276299
-3.22014,-0.246528
-3.36062,-0.125804
1.01186,-1.92337
-0.939367,-1.24823
0.828784,0.345365
-0.569501,2.56833
-1.98909,-2.85063
2.15259,-0.767536
1.14708,0.337416
2.90086,0.792683
1.10339,-1.45863
-1.7329,-2.31818
2.83348,1.58065
-0.171548,-3.20632
1.81186,-0.996327
-0.749115,-2.87815
0.192453,-2.85556
-2.06819,-0.94252
-2.04651,-3.08712
0.107645,-2.81857
-0.438145,1.51862
3.34962,0.0276844
-1.19951,-1.789
0.991419,3.13506
0.378302,-2.06211
0.486265,3.03616
1.58186,2.37676
-3.24731,0.966539
2.50545,-1.76382
1.601,0.39199
-0.598017,-3.25682
1.15936,3.11839
-1.31295,-2.25604
-1.91377,1.27702
2.17504,0.152037
-0.118833,-2.89663
0.260906,-1.07467
2.23235,-1.31488
-1.10611,1.51878
0.0250438,1.76308
1.45896,0.338871
-0.656107,-1.47292
3.1335,0.374796
1.20499,3.68308
-0.233543,-3.55771
1.20344,1.0977
2.10938,-2.67707
0.101958,3.13033
-0.0764815,0.902263
-0.810316,-1.26564
-2.17546,-2.96117
0.321591,-3.93658
0.202026,-3.75509
1.62844,3.43982
1.64309,2.44212
-2.76074,-0.270053
1.11334,-1.31104
-0.758248,-2.50217
2.21899,-3.01776
1.491,0.848013
3.53401,0.523815
3.25015,1.91686
1.35917,-3.26391
-3.0757,-0.212958
-2.82759,-2.23837
1.6139,0.980393
-1.44318,-1.2895
-1.39534,-0.186239
-1.91092,-2.40855
-3.35876,-0.0499844
-2.42856,-2.14095
-0.809668,1.29188
-1.14914,-1.10163
-1.27099,1.98447
-0.00377532,-3.26848
2.42587,-2.26823
-1.26676,-0.140049
0.105508,-0.818216
2.23236,-0.361537
-2.25746,-2.37699
-1.98064,-1.94013
-0.166971,-3.1106
1.83976,-2.90032
-2.25888,-3.24681
1.47055,1.11983
1.20394,-2.3401
-0.846423,0.487672
2.37197,2.44218
-2.3953,0.345702
-0.154849,-3.29856
-0.305528,1.4114
2.64155,-1.12706
2.97878,-1.50311
-1.04668,-3.23497
-0.455335,0.322444
0.307077,2.55814
-1.60298,-0.0145931
-1.52671,-0.58157
2.53428,1.69222
-1.25799,-3.51207
-2.77022,-2.47945
1.40241,2.59439
-1.63193,-2.75259
2.63421,-2.08127
0.872802,0.797973
-2.61188,0.649901
-1.16735,-0.965438
-0.0615961,0.76065
-0.921701,1.70197
3.26081,1.38144
-0.167726,1.07565
2.39637,1.18143
2.64417,2.54304
0.453123,2.32067
-0.702358,-0.166031
-0.106223,0.82147
-2.03191,2.76679
3.00335,1.13034
3.30698,0.0606386
2.9538,-0.421279
-1.94608,-3.33042
0.530502,0.41265
0.646653,-0.193497
0.990155,-2.99888
-1.9796,-2.67333
-2.01187,-1.39906
1.76755,3.27528
-0.369398,1.53423
-3.14083,0.751558
-0.203817,0.368125
0.62088,1.62053
1.93684,-0.801389
0.800771,0.159928
-1.86152,1.77479
-0.957928,0.803721
1.23829,-1.58715
0.882468,2.79282
0.262825,0.881982
0.244031,2.56353
-2.66508,1.33675
-1.95265,1.39622
-0.551441,2.73159
3.34467,-0.81392
-0.783033,-0.0662829
2.68129,0.280029
-1.73365,1.25547
1.48931,-2.84964
-2.18257,-2.20068
0.886399,-2.60664
1.76702,2.82331
-1.89728,-2.98179
-3.79874,0.855145
1.82588,0.782575
1.87444,2.98783
1.8041,-2.27637
-0.868278,0.653685
-0.608944,-1.47465
-1.91378,-3.1956
3.01385,0.802183
-2.36911,-3.13803
-0.0180771,-3.7459
0.605148,-2.85825
0.303742,-2.64917
-2.84828,-2.09308
2.55408,-0.191928
0.0513519,1.98345
-2.07112,0.711396
-0.736536,-3.45911
0.602294,-3.88316
-0.945911,1.45304
-1.12192,-0.641386
1.44881,-1.65548
-0.612196,0.140926
0.828377,-2.65274
-2.5241,0.911888
0.605272,-2.99945
2.8435,2.53815
3.12635,1.64638
0.548324,1.63239
-3.15493,0.879811
-2.23679,-1.47228
-1.45925,0.14102
0.675666,-1.82618
1.32469,0.031715
-2.56995,1.55942
1.10086,0.625703
0.139984,1.70003
2.17306,1.65159
-0.456508,-3.57564
-0.490608,2.26245
-1.55795,-2.5195
-0.677544,1.40651
-2.19622,1.40992
2.02983,0.343095
0.976759,0.180967
-2.58376,-0.325953
-0.974605,0.110764
2.99399,0.303945
-1.28347,1.89362
1.93784,1.09764
0.809826,-3.53214
1.96843,1.09253
-1.58674,0.663707
0.0111373,-1.23888
0.592487,-2.13128
-2.73084,-2.42853
0.835651,-1.36567
0.634497,-2.75684
1.50025,-1.09357
3.47178,0.374697
-1.58581,-2.25444
-0.291101,-2.96725
-2.0932,-1.33213
2.15244,1.6895
2.55814,2.30614
1.10409,0.969714
-2.09876,0.028028
2.03216,2.66378
2.60489,0.67751
1.58143,-1.67435
0.0327419,-1.40009
-1.69076,-0.788527
-0.491172,1.82339
-1.47363,-2.16513
1.12476,-1.8397
3.12821,1.16446
1.02028,-2.95305
2.64977,-0.202172
3.35174,0.627207
1.91985,0.341492
0.383782,1.45162
2.43313,1.28076
2.76535,-1.31162
-0.185803,2.05789
-1.82758,-1.54429
-0.954276,-3.36771
1.333,1.73848
0.605726,-3.64167
2.99434,1.07908
-2.48577,2.19255
-0.310409,3.69002
0.861937,-0.289688
-1.79953,-0.440271
-2.55966,-0.865536
2.53803,-1.26547
-1.50774,-1.74272
-0.117788,-1.74808
-1.2973,-2.24577
1.81933,-1.72018
3.73779,-0.151339
2.55835,1.83524
-1.80174,2.83974
1.31536,-0.721261
-1.76003,1.40245
2.14451,1.15601
1.44603,1.87889
0.333949,-3.62979
3.39054,-0.394753
2.94187,-1.76692
-1.7731,-3.25654
-1.17912,-2.86983
-2.24241,1.32665
-0.160416,1.34485
-0.226612,-1.04343
0.87934,-3.18337
-2.74803,-1.7955
0.35409,-3.11673
0.62387,2.37411
2.35724,-2.63714
-0.0409582,-3.04281
2.21078,2.3872
2.34824,2.87693
0.46571,-0.136276
2.8618,1.53632
-2.40888,-1.19107
1.39759,2.0392
-1.83621,0.196006
0.470001,-1.51664
1.33944,3.66468
-1.05072,3.07158
-2.39411,0.211736
-1.75635,-2.45614
-1.10616,3.02179
3.7915,-1.15916
1.26266,-0.384231
3.77826,-1.08531
-0.613457,-0.0959991
-1.67401,-2.56277
-2.34349,1.45954
-0.479962,-3.65259
-2.19165,-0.11823
1.57092,-2.00851
0.0781433,-0.578797
0.686124,1.84708
2.87666,-0.165652
0.425336,-2.90297
1.74567,-2.14897
-0.346086,-3.39363
2.57587,0.253634
-0.139891,1.28428
1.6662,-0.281865
-2.64366,-1.73205
2.7118,2.08816
-2.18441,1.06501
-2.93808,0.812964
-0.98917,0.845536
0.965464,0.492532
1.85136,-0.958861
3.11389,1.24526
-2.41849,0.140973
1.54843,-3.13189
-1.20127,1.10203
-0.648675,3.05405
1.6535,-0.256875
-2.73957,0.8584
0.963445,1.33837
-0.420883,0.365496
1.97246,2.74488
1.06059,-1.30206
-1.3164,-1.15772
1.84932,2.53849
1.9259,-1.89791
-1.55409,1.80264
-2.53285,-1.25998
1.34958,2.31513
-1.99429,-2.01978
-0.212325,-1.4927
-1.80268,0.173111
-1.97031,-1.31783
-0.335086,3.50692
2.45545,2.53154
0.879332,-1.67236
2.39938,0.303292
-1.46767,-3.38991
1.58523,-2.54704
0.188875,-2.10964
0.744845,-3.82109
1.52172,-1.04505
3.32768,0.254744
0.435397,0.420546
-1.76381,-0.504157
0.665603,-1.83204
1.49748,2.42689
3.59946,0.392205
3.82666,-1.03636
-0.340435,-2.56429
-1.34477,-2.58939
-0.672563,2.61488
-0.880684,1.80589
-2.72262,-2.67035
1.07214,-0.697798
-2.41112,1.95235
-1.23574,0.246152
-0.96802,-0.43853
1.85984,-0.756089
-3.15424,-1.56129
1.42984,0.171621
3.24551,-0.822946
-3.03746,1.49333
0.568761,2.62652
2.93092,-0.0969606
-3.1259,0.166131
1.81478,-0.672821
1.94428,2.75442
1.9042,-2.18518
-1.16563,-3.38142
-1.30698,-1.31758
0.669678,0.807869
1.37054,-1.61702
-1.55099,-1.89354
-1.14866,0.91304
0.19096,-2.21514
2.01568,0.998271
0.491024,-2.77658
-0.114605,-0.89579
1.76712,1.20383
2.14281,0.816557
1.7925,2.51439
-2.55374,1.86936
2.59238,1.608
3.25501,0.862673
-0.749061,2.75826
-2.76099,-1.02841
-2.87939,-1.75484
-0.962649,-0.312574
-1.00856,3.07565
1.17482,1.42013
1.9794,2.5307
-0.248694,-2.37654
-3.09589,-1.61751
-0.571447,3.10328
3.12514,-0.500403
-0.9696,-0.19766
-0.700885,2.00463
-0.262084,-0.448553
-1.32096,-3.16972
-1.20544,-3.20462
0.838427,-1.85939
-2.00097,0.187116
-1.92005,1.61798
-0.788155,-0.269985
-0.597696,2.12053
-0.0721085,3.26024
0.54408,2.98797
1.00776,1.24176
2.4059,-2.49783
2.99902,0.731152
-1.12367,1.77545
3.3099,0.543026
-0.348121,-3.01805
-0.00821355,2.03446
-1.92046,-3.09419
-2.41184,1.9428
0.566168,-3.78545
3.37203,-0.485608
-0.174085,-2.07227
2.25916,0.799591
2.16839,2.06167
-0.697004,-3.4584
3.05538,-0.80656
-1.89747,-2.39385
-2.08394,-1.2392
-2.76647,-0.122363
-3.58777,0.520202
-1.32718,-3.09342
1.98549,1.82444
-1.57836,-2.41955
-1.8226,1.11908
-0.192968,0.322177
3.38158,-0.18159
-0.565817,1.95758
0.710686,1.05695
2.66994,2.68445
0.471194,-1.8132
2.05045,2.66432
-1.73382,0.687029
0.776386,0.422792
-3.61061,0.263843
0.476758,2.07742
-2.62366,1.3323
2.49779,-0.257464
0.678918,-3.61482
0.869916,2.86842
2.07727,-2.01041
1.81474,-0.938139
2.39554,0.691354
-2.96683,-0.289749
-0.393703,0.550713
-0.610944,-3.61466
-1.334,-1.66941
0.0267898,0.633708
-0.381616,2.87866
2.45249,2.92383
-0.79244,-3.65572
3.38074,-0.86721
1.27007,-0.963441
2.54389,1.02999
0.688931,3.60565
-0.944128,1.48632
-0.250747,2.86709
1.63276,1.66517
2.6482,-0.193905
2.83941,-1.50646
0.421065,2.42976
-3.32205,0.481962
2.0256,-2.40048
0.660635,3.36053
3.59358,1.17633
-2.4036,-0.919987
-3.59649,0.59751
1.19151,-3.16585
-0.792357,3.05034
2.55086,2.11517
-0.811725,-2.68883
-2.1262,1.32636
1.88262,2.16624
-0.578345,0.361162
0.48451,-1.32478
1.25594,3.4236
2.04018,-1.12658
0.674684,2.93703
0.119584,3.09698
-0.0959433,3.49643
-1.11841,2.58286
2.4127,-1.38248
1.13674,-3.25673
-3.14876,1.04664
2.76832,-0.106302
-0.445728,0.958406
-1.78782,-1.4512
0.265861,3.57305
-3.12887,0.987531
3.49089,1.06606
-0.339353,-0.213587
-2.07062,0.771647
0.303124,-3.84771
3.2139,-1.41188
0.686595,0.429019
-2.66989,-0.723968
2.04268,0.158576
-1.31171,1.79843
-2.75614,-2.41404
0.82576,0.679051
1.05603,-1.13743
2.2605,-1.05363
-1.55905,-2.62722
0.287574,-2.72275
-1.63218,-1.04196
-0.664531,-1.80145
1.25137,2.91227
-2.20161,0.281857
-1.87598,-2.65419
-0.826895,-3.49795
1.18313,-3.64275
1.71805,1.15551
0.49096,-1.85859
-0.723545,3.23185
2.14946,-1.28822
-2.9151,-1.93865
-0.204612,2.99525
-1.75162,2.99774
-1.63673,2.27737
0.809673,-2.89383
3.41329,-0.607627
2.048,-1.19393
0.133665,-4.00595
2.95792,-1.25331
1.54242,1.69244
0.151531,0.883091
-0.0311309,-3.21758
-1.14741,-1.81114
3.26769,-1.20743
3.06699,-1.7738
-1.18746,-2.63636
1.50833,3.64611
-0.316743,0.382618
0.433519,3.02524
-2.40169,0.278616
-1.27335,2.07625
1.15089,0.276753
0.607796,0.411576
1.90085,-3.24728
2.39766,0.231738
3.61328,0.204458
-3.31668,-0.20233
2.88652,1.07261
-1.80216,-1.96995
-3.07848,-0.980045
-2.8897,-0.570232
2.08216,2.64447
-1.33455,-3.26026
-1.5569,-1.80571
-1.41288,-0.572172
0.197021,0.329426
1.61135,-1.82393
-1.15818,0.243965
3.23529,-0.577393
-0.986691,2.88505
0.999676,-3.04679
0.737801,-3.40337
-1.88667,-1.79084
-1.18266,-0.448223
-0.913514,1.42679
-2.41283,-2.82568
3.27511,-0.182963
-0.487206,-0.640207
-0.849319,0.106488
1.47058,-2.27211
-1.81133,2.87419
0.97934,0.648753
-0.634544,-1.17933
-1.86259,-2.50572
-3.50141,-0.37077
-1.18199,2.13304
-2.79479,-1.44041
2.70264,-0.84241
-0.86643,3.22361
1.43225,3.42048
-3.39696,-0.0040209
0.122453,2.2906
2.16892,0.0257329
3.10318,1.7442
0.188793,2.22439
2.06281,-1.47865
-2.0713,-3.05987
2.76811,2.03507
1.07831,-0.165945
-3.46218,0.737211
-2.63642,1.16986
-1.19609,2.15328
-2.46824,-0.956544
3.20252,0.963864
1.92491,1.0469
0.264115,-0.406713
3.26234,-1.62603
1.58124,-2.1754
3.33282,0.556604
-1.63969,0.343718
1.38952,1.0609
-2.13167,-0.741701
-0.854942,1.99862
-0.65596,2.02431
-0.859804,2.9878
0.905829,-3.72651
2.40892,0.951389
-1.64111,0.895306
-2.23282,-3.05359
-0.17444,-2.2538
-0.864834,3.45643
1.22418,1.06002
-2.33699,-1.95081
2.6301,2.20939
-1.03939,-0.215952
-1.23017,-2.72177
0.907439,0.297107
-2.06707,2.41811
2.28405,-1.83487
0.398422,-3.60008
-1.19817,-1.45465
2.53273,1.50835
2.6311,1.51607
1.83494,3.30408
-2.37138,-1.68565
-1.01475,1.75902
2.03265,1.71142
-1.01407,-3.67619
1.92179,3.27108
2.81968,2.45609
2.16084,1.27809
-2.27002,1.59339
-1.66433,2.76799
2.20405,0.971099
0.422582,1.68998
1.51601,0.533878
2.54293,-2.39361
-0.805215,1.39755
1.08495,-1.2047
2.45494,0.621474
-3.52969,0.636077
-1.33599,-2.85185
-0.744316,3.12473
-0.396294,2.70242
-2.01656,-2.44614
-2.66582,-1.6715
0.0463213,-1.49413
0.57675,1.54686
2.51721,2.77371
1.13411,-0.458185
1.07273,-3.63531
2.43962,-1.91834
1.66564,2.20661
-1.68512,2.54981
-1.04973,2.35632
-2.4696,0.83997
-2.2019,-1.49009
-0.0969323,0.439633
2.45562,-1.87506
-0.445904,2.66772
-3.17554,0.905492
1.10694,-0.237541
-2.37669,-3.10709
2.04989,-0.0880583
0.503128,0.223853
-0.746467,-0.146977
-2.09498,-3.2628
-0.680593,-2.49995
2.37722,-2.8273
2.55561,-0.885571
3.64123,-0.518663
0.790257,1.23037
2.07902,-0.0474541
0.283434,1.20008
-2.68055,1.46335
1.64415,-1.34886
-1.5049,-1.39702
0.640431,3.68412
2.64696,-2.08729
0.870985,-1.36528
-2.44481,-2.99016
-1.32272,1.50313
0.521957,2.92428
0.385497,0.957012
-0.971072,-2.45958
-0.498484,-3.35935
1.29391,-3.43704
-0.911585,-2.01442
2.77619,-0.882842
2.87237,1.31397
-0.923157,1.18481
-0.04896,-3.21576
0.504244,-0.0653229
0.152018,3.62437
1.90193,-3.07924
-0.661792,-0.830519
0.0777775,-2.83478
-2.42685,-2.7692
3.43714,-0.226723
-3.03861,0.0927945
0.769142,-3.59169
1.17917,-2.92983
1.66153,0.0352125
0.179596,-0.449617
0.933733,-3.27044
1.96135,1.54985
-0.058029,-2.92467
2.10273,-1.69563
3.28039,1.61645
2.26499,2.01376
1.02461,-0.310412
0.52558,-1.04568
-0.648187,-1.67488
2.0765,1.34797
2.3138,-0.690727
1.75511,-2.89938
-1.80409,-2.69558
1.00535,3.63478
-1.7846,1.33796
1.9363,-3.09705
1.8964,3.22629
1.64392,-2.28567
1.97561,-0.877766
-0.251546,1.13792
1.25498,-1.87913
0.813881,0.603261
-2.77342,-0.321227
0.5992,2.62399
-1.11399,-1.56387
1.35775,1.28393
-2.48523,-1.43493
0.652522,2.73764
-1.38539,1.58193
-2.8989,-0.328215
3.06198,-0.0375131
-2.22397,2.04851
-2.38932,-2.43601
3.06585,-0.226442
3.30793,0.431985
-0.914367,0.38227
-0.0257974,0.0676943
-0.709384,1.65712
1.48628,-1.3928
-2.75903,0.791416
-0.463395,0.595439
-0.220142,0.575596
1.913,-3.24745
3.06421,-1.22042
-1.01489,2.66446
1.7155,2.00631
-0.724474,1.76925
3.37475,-0.695388
-0.745119,3.0149
0.665289,0.671328
-2.30518,-2.1964
-1.76374,-1.18084
3.77231,-0.398358
-0.441811,1.55712
1.23073,1.99082
-2.51341,-2.09283
-2.70851,-2.67807
-1.05639,-2.33794
-2.78107,-1.9975
1.87569,3.0404
3.25913,0.347123
2.61253,-1.52999
-1.73122,-1.61413
-0.618611,0.128832
0.402839,1.48408
0.388932,-3.91499
0.210415,3.4031
1.147,-1.81627
0.360492,-2.45821
-2.35981,1.24728
1.94505,-0.584876
-3.18635,1.55287
1.04745,-0.673872
2.83445,-0.462939
2.13389,-1.03749
-1.47321,0.998249
-1.03904,-1.02906
-1.44167,2.01242
0.558015,-3.86433
2.01083,-0.850822
-2.2822,-2.18172
-1.85748,0.134322
-0.250682,-3.80093
0.943428,-0.149078
-3.24389,1.0902
0.637576,-2.44004
1.09966,-1.62852
0.377623,0.772566
-2.63078,-0.0419665
1.45999,0.642974
-1.43984,3.12837
-2.66093,-1.09429
-2.53745,-1.59874
1.39617,2.583
-1.56692,0.99464
2.07328,2.27097
2.49955,-0.84811
0.00675564,3.66214
1.60727,-1.46285
-0.0411231,-3.17906
-3.09558,-0.854116
-3.14324,1.46471
1.47726,-3.39767
-1.29801,-1.72896
-0.118392,-1.66299
-3.10408,-0.0594419
-1.40067,2.24987
-1.42367,0.531507
0.518996,-3.83496
1.77426,3.36838
-0.631533,-1.06185
-2.65692,0.231995
0.81499,2.32246
2.0799,-0.951539
2.19845,1.66608
-2.33515,0.382948
-1.61176,0.435276
1.31281,2.44349
0.235369,-1.5764
3.59721,1.39065
-1.40347,-1.09157
-1.88362,0.0712689
0.582298,1.0022
-2.47203,1.91695
-2.99206,-1.20034
0.0747221,3.13107
3.29646,0.0889666
-2.22512,0.210758
-2.58177,2.10422
-0.636522,0.117424
-1.03164,-0.684526
0.113189,2.79282
-1.03857,1.44582
-1.47868,-2.37925
-0.360474,-2.12148
-1.54121,2.78519
-0.957144,1.12345
0.844088,-3.71626
0.232592,-2.67432
0.318238,-2.50116
-1.84985,-0.147335
0.16312,-3.19917
0.157265,-3.86497
-0.631579,2.21512
-0.708383,-1.97084
3.51438,0.299448
0.257041,1.96668
-0.672245,1.78236
2.44774,-0.81619
2.47025,-0.531627
3.51875,-0.9639
0.944653,-2.39938
1.98862,-1.35598
2.20265,0.693818
-1.89778,1.62788
0.203642,3.56806
2.8074,-1.5934
0.355224,-2.89906
0.22851,2.44243
1.70034,3.17032
3.1237,0.757132
1.15164,1.48016
-0.375456,1.70861
-0.802975,2.33265
-3.13604,-1.60842
1.40583,0.694365
-2.48309,1.1829
-1.65498,-1.21183
0.826213,1.92169
-0.811532,1.06213
-0.865896,-0.0146013
-1.52621,-2.24816
-3.37035,-1.11624
-2.41452,-2.24981
-2.33036,0.355508
-0.309992,-2.03635
1.31501,0.339903
-1.97626,-0.983674
-2.42282,1.86351
0.748534,-3.37228
-0.770615,3.13043
1.65947,0.131964
1.13252,-1.1956
3.29643,1.31276
0.207137,-0.744654
0.520503,-0.0217887
-1.42137,-2.704
0.698955,2.91165
2.52292,1.90756
1.19008,-0.116189
3.29081,1.86466
2.76327,-1.13331
0.204274,3.18883
3.77891,-0.66864
0.0524988,0.639594
0.767575,-1.07927
1.74408,-2.1495
2.25232,1.16524
-0.681557,-2.82265
2.70747,1.14389
-0.741854,0.0933073
-1.9358,-0.0502642
-2.40755,-0.426112
-1.56781,-1.96204
-0.986363,-0.522154
-1.08794,-3.32944
1.59138,-1.82223
-1.43857,3.0197
-1.80477,2.34229
-0.72173,-1.48131
-3.10772,-0.960317
-3.03377,0.293032
1.3065,-2.35638
0.230771,0.61516
-3.25772,-1.17361
-3.52671,0.21562
1.42467,-2.21284
-2.3476,2.00908
1.08272,-2.07422
1.1869,2.76648
-2.32903,-1.10421
-0.494957,1.3188
2.24795,-1.95285
0.141516,-1.17552
3.59082,-0.0198139
-0.680338,1.7398
0.869684,-1.36913
0.459992,-3.47013
2.53796,0.605354
1.67328,-0.856556
-1.63408,2.01814
-0.461408,1.86656
1.68322,-2.81522
2.3965,0.727754
0.511661,-1.6016
0.027254,-0.326442
-0.737344,-1.27553
-3.18967,-0.122628
-0.615587,-3.2089
0.720158,0.260768
1.22961,3.191
-0.438225,1.7449
1.31267,-1.88358
-1.6588,-2.95692
1.9516,-1.28447
-2.44162,-2.58701
1.95735,-1.09822
3.36122,-1.08228
-0.034259,-2.26246
0.166362,-3.6545
0.934355,3.04601
-2.05741,-0.33419
1.41183,-2.23619
-0.898322,0.277153
1.91933,-1.22312
-0.624912,0.513151
-0.0263943,-0.865379
2.70732,2.62535
3.53334,-0.938118
-1.00683,-0.925038
-2.15984,-2.76324
0.570261,-1.08423
0.59017,3.07116
0.154264,-1.63496
-2.45385,-1.26654
2.15192,-2.72602
-0.790835,-1.4051
2.38699,2.82943
2.61639,2.30663
-2.04502,-1.78863
-1.64039,-1.06543
-0.575239,-0.769091
-0.127282,-3.97141
1.39177,1.6892
2.77347,2.52855
2.23937,1.35456
-2.39546,-0.968012
-0.653918,2.09549
-0.313956,-3.43636
-1.54783,-3.2147
-2.04736,2.2016
0.413485,3.7326
0.53208,-2.47653
-3.54307,0.191389
0.512742,-1.07768
-0.759793,-2.65487
2.69226,0.91317
3.08495,1.05405
-0.830176,0.309643
0.773183,3.28709
1.16076,3.50475
-1.1883,-3.12996
1.57024,1.98937
-2.76538,-0.984869
-0.696558,-2.65518
2.63808,-1.62673
0.965374,-2.76147
1.63374,2.34176
0.206038,0.104576
2.32816,1.02526
-1.78857,-0.0125107
-0.86008,-0.0149655
1.24927,0.124285
1.71548,1.00612
-1.81643,0.171229
-2.80002,-0.0872563
1.52419,-3.18413
3.73465,-1.07915
2.50067,-0.034267
0.874024,1.47192
-2.12396,-1.50411
0.683753,-3.73483
1.7842,3.28127
2.36882,1.95358
2.88115,-1.91494
-2.51037,-1.57769
0.411092,-2.95566
-2.30415,-0.0872779
-2.51222,-1.13225
1.09946,-2.10943
3.48031,0.972584
2.88124,-0.40646
-3.08341,-1.73841
-2.273,-2.80971
2.77934,-0.237435
-2.77843,-0.622467
1.94802,1.65983
-0.463802,0.964132
0.121441,-1.80884
0.0575827,-0.45882
0.130227,-3.22125
2.91288,2.41583
-2.28141,-2.36529
2.42505,-2.45816
-0.163605,2.81015
1.17767,1.92697
2.46176,1.86788
0.516555,2.26899
1.58554,3.65599
0.151806,2.59422
-0.781001,0.943344
-2.45941,-0.740892
-0.54177,-1.27499
3.05683,-1.84882
-3.32387,-1.03212
-2.7155,2.07221
-0.60969,-1.67443
1.89886,0.170387
3.20599,0.740923
0.517246,0.0974619
-0.762253,1.13312
0.696417,-1.75352
-0.370917,0.0291114
1.63352,0.594212
-2.19751,-2.19474
-1.02407,-0.358867
-3.28236,-0.520894
0.131339,1.03567
1.11247,-3.20888
2.73549,2.43751
0.844591,-1.26856
-2.73763,-0.683119
-0.806161,-0.891087
2.33136,-0.721465
2.33495,-2.22777
-2.59732,-0.705508
-0.231148,2.02364
2.98595,-0.469215
2.03545,-0.113353
-2.44522,-0.23534
-0.764908,-2.74803
-2.79402,-1.90408
0.133287,0.891306
-0.0318871,-1.64905
1.11449,1.66203
1.12712,-0.410166
-2.4387,-1.48854
-2.11749,0.149081
2.85877,-0.790061
-2.26514,-0.51888
-3.24666,-1.00871
1.46524,-1.95454
2.65002,0.70882
-0.178954,-3.6307
-1.23065,-1.03253
-3.03807,-1.44838
-1.33767,0.655612
-1.09149,0.614654
3.10189,2.22276
1.78829,2.92754
0.118545,-2.84072
2.98385,-2.14114
-1.58563,2.46024
-0.299634,0.676298
0.445155,-3.30032
0.635345,-0.995215
1.44262,-0.814418
0.905973,-1.58476
2.49772,-0.485236
-2.56887,1.00435
0.113394,-2.6324
0.351515,0.389782
0.192646,2.30072
0.663337,-1.18629
2.93697,-0.301212
2.32947,0.645538
-0.79199,-2.90471
1.23527,-2.46851
-0.280676,1.15141
-0.268276,1.37235
0.262424,-0.748214
-0.437671,2.97881
2.23067,-1.83981
-0.739356,-3.73148
-2.332,-1.7712
1.58821,-3.37345
2.37187,0.203857
1.91077,2.78127
1.90448,3.17083
1.68986,-0.0391605
3.31122,1.19659
-3.52832,-0.546444
-3.01257,-0.388442
-0.187542,3.56894
-2.16426,2.50289
-0.565822,-1.18999
-2.335,1.46625
0.621414,1.86349
0.584993,0.0847994
-0.191362,-0.163217
0.647526,-3.68439
-1.54082,-3.1692
2.77762,1.2453
-0.0260265,0.735639
0.78232,-1.51057
1.95662,2.85239
1.53893,-0.427013
2.43845,-1.64328
1.48955,2.38371
1.44008,-1.6025
-3.32796,0.11864
-1.65427,-0.810509
0.126148,1.14331
-2.21156,-2.47952
-1.67095,1.38514
0.388866,2.39883
-1.30597,0.129493
-1.81987,-1.32076
-2.90816,-2.1673
-0.173811,0.893544
-0.47601,2.69243
1.9157,-1.53809
-0.265037,1.80697
-2.84664,0.741054
2.1606,2.02953
-2.31342,-0.848611
-2.66686,-2.11562
-1.88234,1.02249
-2.30873,-1.04288
2.65205,-0.413414
-1.92552,-1.37438
-2.90486,-0.0620818
1.08625,1.23576
1.86447,-1.87406
2.44488,0.797779
-0.87347,-1.89033
2.22233,-1.33811
0.154011,3.17703
-0.479259,1.29887
-0.123176,1.60914
2.62955,1.9626
2.39176,2.08403
0.517982,0.384747
-0.657142,0.513042
0.50828,2.45243
0.466803,1.9771
-1.17686,-1.15787
-0.639995,-2.23983
-1.06561,1.47292
-0.535063,-2.93026
0.708124,2.56516
2.41883,-0.28316
1.90932,3.29959
3.15016,0.977962
2.51417,-2.13911
2.13398,0.850961
1.92227,2.52877
-0.00295593,-0.972019
0.960141,1.81058
0.477862,2.70054
3.42873,-0.177341
2.27519,-3.00077
0.35579,0.885044
-2.1845,-0.884732
-1.20781,-0.390592
-1.39448,0.478399
-1.66411,-2.9036
-2.83739,0.0429011
-2.24756,2.33306
-1.37944,2.07107
0.363214,3.4047
-0.814308,0.188462
-3.37296,0.614496
-1.68185,-1.71536
-0.74138,0.339422
-2.81354,-1.19017
2.22886,-2.33812
0.807848,2.58459
-1.42145,2.036
-2.71915,-0.339282
-1.43753,2.52048
-1.06147,-2.66092
0.0663145,1.92855
2.52724,-2.21921
-2.7707,-1.69571
-1.71848,2.66089
1.43083,-1.2914
-0.751756,2.07307
-1.95926,2.17772
-2.93782,-1.81824
0.0957023,2.04687
2.59661,-2.36934
-2.48027,-0.129524
2.1827,1.47636
-2.07243,-1.89529
-1.86287,2.4783
0.742174,1.79949
1.01015,-3.37639
2.06767,-1.71292
-2.71622,-1.67428
2.01982,-0.867568
3.1147,-2.02281
-0.0760356,3.33517
-2.55807,2.14827
-2.96079,0.223458
1.17909,0.101865
0.381032,1.98663
2.08167,2.75648
-2.21219,0.507055
1.43801,0.90956
-2.25165,1.80922
2.23224,-0.351645
0.438027,-3.41152
1.3513,0.40718
1.64914,1.82005
0.0996351,-3.90366
2.2433,-2.81292
-1.37852,-1.55884
-3.32491,1.44725
-0.892574,1.35408
1.16184,-2.19196
2.28465,2.58956
2.62831,-0.196939
-1.10615,-2.19893
1.22775,3.13254
2.77387,1.54567
2.94339,2.02515
-0.258017,2.05571
1.50735,-2.1921
1.98582,1.35705
-1.30869,1.36025
-1.43487,-1.3702
2.79938,-2.0351
2.01552,0.344789
-1.74551,0.839098
3.0391,-1.77579
-1.71863,-2.26521
1.42535,2.30317
0.146516,-0.646165
1.81422,-1.72337
-1.47407,2.92477
1.69326,-1.83968
0.25811,-3.51262
2.69041,0.502763
-0.130494,0.8218
-0.715301,1.05318
3.47225,1.14738
-1.69457,0.494523
0.125417,2.53911
-1.67469,-1.62444
-2.55525,-0.190007
-1.49524,2.84834
-1.27584,2.32204
1.07756,-0.790165
0.265545,-1.80813
-1.72072,1.76539
1.51436,-1.88951
3.64814,0.707006
1.2778,0.455942
1.99829,-0.355064
-2.66782,1.8966
0.627391,-2.19675
1.39739,3.61662
-3.76516,0.885669
-2.70324,-0.280892
-1.83227,-3.31324
1.3101,-1.86845
-3.48326,-0.523199
-3.55271,0.799206
3.04067,-1.33008
-3.64901,0.635836
2.69043,1.59395
-1.71756,1.17892
1.33456,0.547203
-0.344147,-0.689599
-1.95344,-2.89834
2.14794,0.326558
-2.30193,0.672825
-2.41924,1.10117
2.73749,-1.40153
0.639099,-2.69219
-2.07039,-3.10623
-3.34838,1.28836
-2.18139,1.63969
1.04954,-1.94349
0.337546,2.40551
0.55034,-1.65571
-1.00604,1.32003
-0.374022,0.262588
0.0555857,0.553179
-1.45754,1.42748
-3.34312,0.912745
-2.62736,-1.30416
-2.28749,-0.182947
0.817791,-1.43774
-1.52729,-1.62148
2.54346,1.99336
-1.40476,-2.92886
1.68376,-2.74517
1.731,2.57485
1.0115,-2.27863
-1.43514,-1.28384
-0.582394,-3.28266
-3.36868,-0.561224
0.932037,3.15127
1.29091,1.27004
-0.626751,-3.81824
1.00106,-3.64862
0.178294,0.0993099
-0.60484,2.80364
1.00981,-3.49062
-1.00545,-0.857004
0.992325,2.97555
0.967978,0.144993
0.156501,-1.66158
1.07357,2.59347
2.00678,3.36588
0.506577,3.4526
0.720514,-3.41748
-0.375586,-0.356588
-0.463603,-1.07261
-2.50783,-2.83646
1.77444,1.43218
3.06437,1.11296
-1.97069,-1.96279
3.28026,-1.84123
-0.135437,-0.805661
-0.308785,-2.58106
-0.870469,-2.34288
1.50422,-0.421534
-2.44975,-2.22461
3.72766,-1.20768
3.4721,-0.681111
0.88479,-2.9998
-0.508134,0.793859
-1.81169,-1.94057
0.4468,1.29629
-1.79128,1.02352
1.63731,-2.78698
1.01407,0.455562
-0.893061,-0.380244
0.513525,-3.1072
0.333329,1.82379
1.46107,2.52832
2.00018,2.09142
2.56132,0.798581
-1.03211,2.71206
2.46399,-1.37241
2.28965,0.0793715
2.98813,2.17499
-0.874452,-3.50148
-0.214162,-2.75674
0.840555,-2.97313
-0.458515,-0.211211
1.59694,-2.69949
2.042,0.73114
3.61275,-0.353715
-1.83844,-0.49079
3.1975,0.570763
0.744994,-1.34637
-3.05189,0.266292
-1.35096,-2.62734
-2.3408,-2.50432
0.400494,0.942424
1.34964,3.64206
-0.0947001,1.1152
-0.10103,0.940444
-2.14518,-2.11653
0.250524,1.65039
-3.21812,-1.17908
0.0807121,-2.73903
-1.46935,-1.87588
-2.98602,0.553304
1.31659,-1.56159
3.54343,1.19399
1.04641,-3.5825
-3.00691,0.415956
-0.0553659,3.67858
1.24404,0.804201
0.426068,0.143839
0.652494,-2.00416
0.434947,-3.07749
1.65421,-2.23285
-1.15685,-0.60172
-1.34937,0.428681
1.72889,-3.13271
1.09115,0.912549
0.0254568,-1.80772
-1.22187,0.418437
-0.0304273,-3.32537
-1.09829,1.4462
1.4911,1.0607
-3.46623,-0.628837
-0.989912,1.57855
0.41563,-2.7547
1.30076,-2.78094
2.0269,2.65476
-3.09796,0.968033
2.09048,1.62202
-1.38043,2.93468
3.51953,0.833985
-0.0230527,-1.21009
-2.82974,-1.96652
1.0419,1.13335
0.359175,3.08259
3.00103,-0.397812
3.30506,0.55535
-0.0623231,-3.68942
3.22325,1.31253
1.69343,-1.70864
0.895711,2.82547
2.86205,2.03034
-1.12789,-3.14268
2.72965,-2.22638
-0.532214,-3.56449
1.59116,0.124072
0.858225,-0.782277
-0.592037,-1.96971
-2.15749,0.257312
-0.587165,-3.54903
1.19099,-1.0386
1.33441,-1.68266
0.564293,1.54171
2.3772,0.846036
-1.07538,1.1234
1.58891,0.0330391
-2.01044,2.56998
0.620238,1.15726
1.78316,2.42097
0.369163,0.580717
-1.80112,2.13389
-3.76176,0.84808
-0.364502,3.6752
2.14146,0.0860636
2.67519,0.331831
1.67804,-2.12981
-0.187854,-0.633553
-2.0922,-0.674537
2.38201,-2.45477
-0.966069,-0.919635
2.81956,1.35735
2.21252,1.22027
-2.73579,-1.15988
-2.59714,1.54898
-1.47077,1.65689
2.59281,-0.482781
0.245779,-2.56769
3.26639,-0.295076
-0.462355,1.79002
-0.989587,2.79807
-0.765244,-2.45417
-2.68445,-2.1619
-2.77405,0.902551
3.49818,-0.726154
0.22796,-3.15356
2.36181,-1.90522
2.78805,0.281378
1.17129,0.322085
1.47816,-0.37947
-2.41217,0.00358742
-1.9819,1.98122
3.71248,-0.161602
2.9109,2.37371
3.11424,-0.878062
-1.16135,-2.99212
-2.03031,2.2333
-3.11627,0.196951
-0.596745,1.53352
1.66734,2.54732
-0.128224,0.887543
-1.44984,0.955043
-0.867486,-1.80897
1.81568,1.95351
1.57394,-2.59744
-1.68125,1.53366
-1.67584,-2.06576
3.0328,-1.98689
1.81769,3.26072
2.30448,-1.65468
0.0685768,-1.33708
0.301144,2.12474
-1.21673,2.1033
-2.64818,-1.98586
-0.149331,1.1982
-2.92035,1.72477
0.967418,-1.81543
-3.04309,1.57232
2.29579,1.88356
-1.08583,2.51495
-2.15804,-2.8191
1.30332,3.02329
0.912617,-2.35979
-2.43049,-2.40633
-0.617232,-2.08088
-0.710931,2.86261
-1.22206,-0.551629
-0.175992,2.92734
1.66819,1.84419
-2.57237,2.00777
0.33359,-1.20702
0.21332,-0.360659
-3.40626,1.19474
-1.88802,0.389989
-2.75899,-1.78815
2.05781,1.37194
1.78721,-2.1475
-0.59007,2.15072
0.702416,-1.94279
1.66759,-1.9417
1.21324,-3.13442
1.71531,-1.10782
0.36822,1.41362
0.374036,1.65026
-2.18641,-1.45996
1.28732,3.18361
1.93945,-2.83948
1.75976,2.49691
2.86192,0.216037
0.227446,0.71136
1.14478,-2.16633
-1.78873,2.73936
2.78253,-1.83772
1.49415,-1.8614
-2.42144,-0.867472
1.57788,-1.13866
-1.38167,2.14851
3.66502,0.851066
1.23722,2.2028
0.789319,-0.77679
-3.18701,-1.02086
1.24903,0.0571894
-1.60918,-2.2772
1.28889,-1.35658
3.04656,-1.64627
1.07699,0.676898
0.980327,-0.679044
-3.19074,1.38297
1.70901,2.04511
0.0639586,-2.70767
0.716916,3.70413
-2.5102,-1.76905
1.25125,1.48393
-2.01326,-0.425543
2.84214,0.588163
0.68471,-3.81343
1.95698,1.33895
2.51156,-1.45939
0.749133,2.03171
-2.65016,1.83899
0.574968,1.456
0.168708,-3.87056
0.207364,-3.1121
-1.46378,0.178628
-2.43778,-0.0560842
-1.2453,0.999246
0.0818832,-1.74079
2.42166,1.70309
-0.697397,2.40126
1.66485,0.723955
2.96199,1.81418
-2.43603,-0.142527
-1.70961,-3.34652
1.7852,-3.01579
-0.76808,-0.0156284
1.7765,1.55498
-1.29961,1.68701
-1.67472,1.05272
0.450145,0.717621
0.834557,-2.49004
-0.508638,-2.23194
0.207369,-3.86494
1.41689,-2.54936
-1.20517,-1.25792
-0.322817,-3.22812
0.931528,-2.81321
-1.06219,3.09457
-1.06741,-1.37656
-0.963092,2.80195
-2.81438,-0.0463338
-3.0097,0.668036
2.20129,2.68946
3.24181,0.0916192
3.55474,1.29218
-1.13076,1.95802
1.05378,-0.607724
-2.18494,0.0535094
-1.29538,-1.02211
-2.78025,-1.45729
0.00724786,-3.67139
-1.11313,-0.219969
0.249683,-3.72071
1.96104,2.95171
2.24085,-2.27362
0.580044,-0.172964
1.05617,0.561283
-1.9504,2.71472
1.74849,-2.84981
-2.78174,-0.121672
1.52172,2.18274
1.50544,-1.68899
-2.21906,-1.83253
-2.60365,1.52498
0.290953,-0.14833
-2.14213,0.857737
0.880105,-1.35336
1.08135,2.9092
0.672867,0.48584
-1.26714,-1.52695
-0.265859,-1.16306
-1.10441,1.1952
1.24377,-3.25943
0.0381672,-2.47991
0.752242,1.27158
0.541377,2.16055
-1.89071,-0.088754
-0.326242,-2.50274
1.48674,1.54507
-0.112398,-3.53153
-2.07329,-0.969746
2.25613,-0.900463
-1.9289,-1.102
-0.824416,-0.241204
1.38307,0.0790578
1.32499,2.63303
1.07112,-1.20848
-0.210239,2.44172
-0.750533,-2.30952
-1.42804,-2.73909
2.57576,2.76418
-2.27054,1.40905
0.344459,-3.16281
-1.41647,-1.99697
1.89542,-2.84984
-2.5078,2.13692
-1.22686,2.33699
-1.20031,0.567333
-1.74924,-2.34887
0.867111,1.43775
-0.523733,1.65223
-2.91678,1.2743
1.94882,3.34113
-0.274083,3.28082
0.0117295,-3.39771
-0.0654765,-0.24976
-1.10997,3.25512
0.460408,1.58751
-1.24475,-1.64725
-2.21819,1.31352
0.366911,-0.418996
-0.477944,2.23131
0.465319,-1.87005
-1.3326,-2.08667
2.85187,-2.32798
-2.60877,1.37487
-0.856108,-0.0198158
2.62971,-0.182458
3.10285,2.21322
-0.38795,3.26571
-0.181538,-2.65269
1.93528,-1.09832
2.72011,2.30176
-0.195821,-1.49832
1.97177,1.91255
0.914758,-1.76588
0.655082,-3.49136
1.43551,-3.2186
-2.4862,-1.71076
0.522358,-1.35782
-1.6662,-2.02419
-0.562836,-2.01119
-1.35398,-3.19376
-1.67307,2.14859
-3.33428,-0.256149
2.93728,1.99602
0.154616,-0.593389
-0.103934,-2.57429
1.54703,-2.01728
1.97401,2.16168
0.399913,-1.28616
-2.43003,-2.83862
0.451186,-2.25913
1.13391,1.76215
-1.98416,-3.14941
2.23338,2.5516
1.25968,2.60078
0.817403,-2.06342
0.075034,1.64722
-0.701039,1.10134
-1.74341,1.27077
-3.00428,1.22285
-2.05106,-2.12294
0.527915,-0.72045
-0.812007,2.10938
-2.42901,2.35482
1.40013,-1.96275
-2.96379,-0.428466
0.798473,1.66716
-1.67426,2.29228
2.57575,2.71061
1.73836,0.810416
-1.3915,2.5324
2.0629,-0.746198
-0.115912,-1.80256
-0.291609,-0.158483
3.62929,0.961681
-1.68844,-3.07238
1.84878,-0.484096
-1.44223,-3.41979
-3.08573,0.0401168
-3.11049,0.248823
-0.196686,2.58175
-2.3905,-0.588457
2.76272,-2.43102
1.63367,-2.37006
1.59817,1.04041
-0.269455,-2.38933
2.45489,1.79467
-1.68593,-0.635018
0.635766,-2.37771
-0.590501,-1.03234
-1.83418,-3.2758
-1.71695,2.53437
-3.4475,0.0666998
-1.67755,-2.15661
-1.3256,2.92942
-0.0788551,1.79605
-0.342139,1.7083
0.12793,-2.90293
-1.46022,1.04778
0.899156,-3.27031
2.80933,1.9691
-0.305476,0.112762
-2.7302,0.567225
-1.1853,1.49447
-0.986634,-0.655121
2.69632,-0.269406
-0.192378,-0.774829
-1.13308,-2.05396
-0.90103,-0.564397
-0.915996,-3.61951
1.9708,2.08826
1.18777,0.628242
2.82712,0.653639
-1.05383,-2.30431
-0.249673,-0.117263
-0.0617577,1.92371
2.01871,3.07985
-0.29996,0.892713
-0.215299,1.10252
3.31894,0.908603
-2.01117,1.82648
-1.29544,-1.39493
1.15311,1.56269
-0.0824021,1.07705
-0.898741,-1.56561
-2.179,2.12842
0.415609,-2.0754
-1.9262,0.916663
-2.60059,1.0964
2.87901,-1.64583
-2.48216,1.59864
-0.769579,-2.16161
0.884542,2.12326
-0.173401,-3.97856
-1.60748,1.84827
1.84444,3.38769
1.98179,2.73048
1.81602,2.18699
-2.70161,0.309238
-1.12214,-2.43041
-2.14286,0.844417
-2.18695,-1.95356
-3.56378,-0.316936
1.8107,3.05362
-1.51669,2.41731
1.79671,-1.88904
-1.14345,1.28844
-0.934447,-0.0589828
-1.70032,-0.426688
0.447244,-0.35459
2.51686,1.7278
-1.61111,1.66543
-3.17818,-1.0776
-3.3891,0.868698
0.942993,2.84938
-2.9439,-0.956628
1.69114,-0.415842
2.88599,0.906814
-2.04321,-1.18702
-2.36606,1.03235
0.0167566,-2.29741
-2.70798,-2.73046
-1.14946,3.31881
2.94884,-1.31633
1.06511,2.11089
-1.86027,2.53835
1.52002,-1.21437
2.09097,-1.72039
0.39924,0.0558501
1.41555,0.56304
2.50318,-0.653842
2.00477,3.16126
2.30012,2.61299
-0.0510737,2.91421
0.627206,2.71229
0.0183466,-2.64817
2.5095,-0.841588
3.86254,-0.803375
2.20693,3.04335
1.07047,0.280518
-1.28269,-1.60225
0.992612,2.69439
2.21348,-1.53714
1.81922,-1.87631
